{ "_t" : "BH.oM.Data.Library.Dataset", "SourceInformation" : { "_t" : "BH.oM.Data.Library.Source", "SourceLink" : "", "Title" : "IsRigidTransformation", "Author" : "Pawel Baran", "ItemReference" : "", "Version" : "", "Publisher" : "", "Schema" : "", "Language" : "", "Location" : "", "Copyright" : "", "Contributors" : "", "Confidence" : "Undefined", "BHoM_Guid" : "dbb908c7-6e0d-47a9-972a-325155d34587" }, "TimeOfCreation" : { "$date" : 1718138136726 }, "Data" : [{ "_t" : "BH.oM.Test.UnitTests.UnitTest", "Method" : { "_t" : "System.Reflection.MethodBase", "TypeName" : "{ \"_t\" : \"System.Type\", \"Name\" : \"BH.Engine.Geometry.Query, Geometry_Engine, Version=7.0.0.0, Culture=neutral, PublicKeyToken=null\", \"_bhomVersion\" : \"7.2\" }", "MethodName" : "IsRigidTransformation", "Parameters" : ["{ \"_t\" : \"System.Type\", \"Name\" : \"BH.oM.Geometry.TransformMatrix\", \"_bhomVersion\" : \"7.2\" }", "{ \"_t\" : \"System.Type\", \"Name\" : \"System.Double, mscorlib, Version=4.0.0.0, Culture=neutral, PublicKeyToken=b77a5c561934e089\", \"_bhomVersion\" : \"7.2\" }"], "_bhomVersion" : "7.2" }, "Data" : [{ "_t" : "BH.oM.Test.UnitTests.TestData", "BHoM_Guid" : "e1ae6a56-dcd1-468f-babd-21ca1c2fa3aa", "Inputs" : [{ "_t" : "BH.oM.Geometry.TransformMatrix", "Matrix" : [[1.0, 0.0, 0.0, 0.0], [0.0, 1.0, 0.0, 0.0], [0.0, 0.0, 1.0, 0.0], [0.0, 0.0, 0.0, 1.0]] }, 9.9999999999999995E-07], "Outputs" : [true] }, { "_t" : "BH.oM.Test.UnitTests.TestData", "BHoM_Guid" : "52d28d09-fc50-4c0f-a2cd-ceb54020e3c4", "Inputs" : [{ "_t" : "BH.oM.Geometry.TransformMatrix", "Matrix" : [[1.0, 0.0, 0.0, 0.0], [0.0, 1.0, 0.0, 0.0], [0.0, 0.0, 1.0, 10.0], [0.0, 0.0, 0.0, 1.0]] }, 9.9999999999999995E-07], "Outputs" : [true] }, { "_t" : "BH.oM.Test.UnitTests.TestData", "BHoM_Guid" : "cac18ac7-0df6-424f-b7ca-df74d34436f1", "Inputs" : [{ "_t" : "BH.oM.Geometry.TransformMatrix", "Matrix" : [[0.0, -1.0, 0.0, 0.0], [1.0, 0.0, 0.0, 0.0], [0.0, 0.0, 1.0, 0.0], [0.0, 0.0, 0.0, 1.0]] }, 9.9999999999999995E-07], "Outputs" : [true] }, { "_t" : "BH.oM.Test.UnitTests.TestData", "BHoM_Guid" : "c915144b-e85a-46e9-a90a-eaf906846564", "Inputs" : [{ "_t" : "BH.oM.Geometry.TransformMatrix", "Matrix" : [[-1.0, 0.0, 0.0, 0.0], [0.0, 1.0, 0.0, 0.0], [0.0, 0.0, 1.0, 0.0], [0.0, 0.0, 0.0, 1.0]] }, 9.9999999999999995E-07], "Outputs" : [true] }, { "_t" : "BH.oM.Test.UnitTests.TestData", "BHoM_Guid" : "642b02d0-3dd1-4714-b259-71ca710c5216", "Inputs" : [{ "_t" : "BH.oM.Geometry.TransformMatrix", "Matrix" : [[0.0, 1.0, 0.0, 0.0], [1.0, 0.0, 0.0, 0.0], [0.0, 0.0, 1.0, 10.0], [0.0, 0.0, 0.0, 1.0]] }, 9.9999999999999995E-07], "Outputs" : [true] }, { "_t" : "BH.oM.Test.UnitTests.TestData", "BHoM_Guid" : "5c863e20-d4ff-4a4e-9adf-586dda25285e", "Inputs" : [{ "_t" : "BH.oM.Geometry.TransformMatrix", "Matrix" : [[-0.44031995014483494, -0.8879497979659956, 0.13290409247497859, 1.0396884001967317], [-0.78462945435679465, 0.45251410009955495, 0.42377778205900402, 0.14404790913574139], [-0.43643437176763339, 0.08231734630828158, -0.89596255146995607, 0.52897174608839448], [0.0, 0.0, 0.0, 1.0]] }, 9.9999999999999995E-07], "Outputs" : [true] }, { "_t" : "BH.oM.Test.UnitTests.TestData", "BHoM_Guid" : "be9908e2-ea15-4fea-b59d-dcfb7d093716", "Inputs" : [{ "_t" : "BH.oM.Geometry.TransformMatrix", "Matrix" : [[1.0, 0.0, 0.001, 0.0], [0.0, 1.0, 0.001, 0.0], [0.0, 0.0, 1.0, 0.0], [0.0, 0.0, 0.0, 1.0]] }, 9.9999999999999995E-07], "Outputs" : [false] }, { "_t" : "BH.oM.Test.UnitTests.TestData", "BHoM_Guid" : "105ef0c3-f365-44f5-9296-4129689c73aa", "Inputs" : [{ "_t" : "BH.oM.Geometry.TransformMatrix", "Matrix" : [[0.5, 0.0, 0.0, 0.0], [0.0, 0.5, 0.0, 0.0], [0.0, 0.0, 0.5, 0.0], [0.0, 0.0, 0.0, 1.0]] }, 9.9999999999999995E-07], "Outputs" : [false] }, { "_t" : "BH.oM.Test.UnitTests.TestData", "BHoM_Guid" : "f13d955e-d9cb-4b18-b9cb-298fd5e487dd", "Inputs" : [{ "_t" : "BH.oM.Geometry.TransformMatrix", "Matrix" : [[1.0, 0.0, 0.001, 0.01], [0.0, 1.0, 0.001, 0.01], [0.0, 0.0, 1.0, 10.0], [0.0, 0.0, 0.0, 1.0]] }, 9.9999999999999995E-07], "Outputs" : [false] }, { "_t" : "BH.oM.Test.UnitTests.TestData", "BHoM_Guid" : "ddf0bb79-88ac-4ab6-882f-db7b2e93fbef", "Inputs" : [{ "_t" : "BH.oM.Geometry.TransformMatrix", "Matrix" : [[0.5, 0.0, 0.0, 0.0], [0.0, 0.5, 0.0, 0.0], [0.0, 0.0, 0.5, 5.0], [0.0, 0.0, 0.0, 1.0]] }, 9.9999999999999995E-07], "Outputs" : [false] }, { "_t" : "BH.oM.Test.UnitTests.TestData", "BHoM_Guid" : "6bab23dc-6e23-4cad-9aeb-9d0a04ccd20e", "Inputs" : [{ "_t" : "BH.oM.Geometry.TransformMatrix", "Matrix" : [[0.41122389040539764, 0.91153437234141066, 0.0, -0.54000000000000004], [-0.91153437234141066, 0.41122389040539764, 0.0, 0.68000000000000005], [0.0, 0.0, 1.0, -0.23000000000000001], [0.0, 0.0, 0.0, 1.0]] }, 9.9999999999999995E-07], "Outputs" : [true] }, { "_t" : "BH.oM.Test.UnitTests.TestData", "BHoM_Guid" : "f01d7137-6861-4f99-a1f6-0b65b13d6a4e", "Inputs" : [{ "_t" : "BH.oM.Geometry.TransformMatrix", "Matrix" : [[0.90000000000000002, 0.0, 0.0, -0.053999999999999992], [0.0, 0.90000000000000002, 0.0, 0.067999999999999949], [0.0, 0.0, 0.90000000000000002, -0.022999999999999993], [0.0, 0.0, 0.0, 1.0]] }, 9.9999999999999995E-07], "Outputs" : [false] }, { "_t" : "BH.oM.Test.UnitTests.TestData", "BHoM_Guid" : "5dca17f2-efbb-4646-86a4-bbfa1bc360a5", "Inputs" : [{ "_t" : "BH.oM.Geometry.TransformMatrix", "Matrix" : [[1.0, 0.0, -0.54000000000000004, 0.0], [0.0, 1.0, 0.68000000000000005, 0.0], [0.0, 0.0, -0.23000000000000001, 0.0], [0.0, 0.0, 0.0, 1.0]] }, 9.9999999999999995E-07], "Outputs" : [false] }, { "_t" : "BH.oM.Test.UnitTests.TestData", "BHoM_Guid" : "5d266b63-46ec-4df6-842d-84131abf624d", "Inputs" : [{ "_t" : "BH.oM.Geometry.TransformMatrix", "Matrix" : [[1.0, 0.0, 0.0, 0.0], [0.0, 1.0, 0.0, 0.0], [0.0, 0.0, -1.0, -0.46000000000000002], [0.0, 0.0, 0.0, 1.0]] }, 9.9999999999999995E-07], "Outputs" : [true] }, { "_t" : "BH.oM.Test.UnitTests.TestData", "BHoM_Guid" : "88549c97-5957-4f9b-a971-6add78a63888", "Inputs" : [{ "_t" : "BH.oM.Geometry.TransformMatrix", "Matrix" : [[0.71714873904574028, -0.69692014326255824, 0.0, 0.98729869630729716], [0.69692014326255824, 0.71714873904574028, 0.0, 9.5029934306339392], [0.0, 0.0, 1.0, 1.5360453787893269], [0.0, 0.0, 0.0, 1.0]] }, 9.9999999999999995E-07], "Outputs" : [true] }, { "_t" : "BH.oM.Test.UnitTests.TestData", "BHoM_Guid" : "58ec1d5c-84e3-49f4-a65c-223eca100d18", "Inputs" : [{ "_t" : "BH.oM.Geometry.TransformMatrix", "Matrix" : [[0.91943202823831705, -0.39324896115511176, 0.0, 2.4637991754125022], [0.39324896115511176, 0.91943202823831705, 0.0, 0.53585295545739875], [0.0, 0.0, 1.0, 1.7009699026592866], [0.0, 0.0, 0.0, 1.0]] }, 9.9999999999999995E-07], "Outputs" : [true] }, { "_t" : "BH.oM.Test.UnitTests.TestData", "BHoM_Guid" : "50831bb2-170e-4360-9ed0-1437013101ce", "Inputs" : [{ "_t" : "BH.oM.Geometry.TransformMatrix", "Matrix" : [[0.98625382954234619, -0.16523735568283787, 0.0, 8.6445658674830863], [0.16523735568283787, 0.98625382954234619, 0.0, 2.1882679201910062], [0.0, 0.0, 1.0, 1.6796545571087182], [0.0, 0.0, 0.0, 1.0]] }, 9.9999999999999995E-07], "Outputs" : [true] }, { "_t" : "BH.oM.Test.UnitTests.TestData", "BHoM_Guid" : "cdace4ad-71ed-4aa2-9e95-e1918d61f700", "Inputs" : [{ "_t" : "BH.oM.Geometry.TransformMatrix", "Matrix" : [[0.55282390621189359, -0.8332981031543415, 0.0, -1.6495944426275644], [0.8332981031543415, 0.55282390621189359, 0.0, -1.4602176338000801], [0.0, 0.0, 1.0, 1.1247597882173768], [0.0, 0.0, 0.0, 1.0]] }, 9.9999999999999995E-07], "Outputs" : [true] }, { "_t" : "BH.oM.Test.UnitTests.TestData", "BHoM_Guid" : "08ce8466-5fb6-44b4-9706-000268a06b80", "Inputs" : [{ "_t" : "BH.oM.Geometry.TransformMatrix", "Matrix" : [[0.99406487519290176, -0.10878889606812173, 0.0, 4.6495469078169673], [0.10878889606812173, 0.99406487519290176, 0.0, 4.6764128579019868], [0.0, 0.0, 1.0, 0.14998051903675336], [0.0, 0.0, 0.0, 1.0]] }, 9.9999999999999995E-07], "Outputs" : [true] }, { "_t" : "BH.oM.Test.UnitTests.TestData", "BHoM_Guid" : "efddd943-8cf0-4e26-b5f1-4961893ea601", "Inputs" : [{ "_t" : "BH.oM.Geometry.TransformMatrix", "Matrix" : [[0.9533409910338202, -0.30189560250963166, 0.0, 5.1187990612294314], [0.30189560250963166, 0.9533409910338202, 0.0, -1.4562880525422635], [0.0, 0.0, 1.0, 0.50037017115409033], [0.0, 0.0, 0.0, 1.0]] }, 9.9999999999999995E-07], "Outputs" : [true] }, { "_t" : "BH.oM.Test.UnitTests.TestData", "BHoM_Guid" : "453b414e-75ef-4f3c-b7b9-ddda437af514", "Inputs" : [{ "_t" : "BH.oM.Geometry.TransformMatrix", "Matrix" : [[0.6951696416424229, -0.71884572012271541, 0.0, 6.6338938706502812], [0.71884572012271541, 0.6951696416424229, 0.0, 11.438792470095375], [0.0, 0.0, 1.0, 0.31764103300759616], [0.0, 0.0, 0.0, 1.0]] }, 9.9999999999999995E-07], "Outputs" : [true] }, { "_t" : "BH.oM.Test.UnitTests.TestData", "BHoM_Guid" : "f0448f88-0c0c-47bf-9d90-22debb20484b", "Inputs" : [{ "_t" : "BH.oM.Geometry.TransformMatrix", "Matrix" : [[0.90237520827375284, -0.43095125419576302, 0.0, 2.0845581658114556], [0.43095125419576302, 0.90237520827375284, 0.0, -1.7675634729155791], [0.0, 0.0, 1.0, 1.5548795236064492], [0.0, 0.0, 0.0, 1.0]] }, 9.9999999999999995E-07], "Outputs" : [true] }, { "_t" : "BH.oM.Test.UnitTests.TestData", "BHoM_Guid" : "3f168342-f777-4081-a294-ad6f774ce483", "Inputs" : [{ "_t" : "BH.oM.Geometry.TransformMatrix", "Matrix" : [[0.97479786538720492, -0.22308994068883686, 0.0, 2.5737847844777093], [0.22308994068883686, 0.97479786538720492, 0.0, 7.0516213154689185], [0.0, 0.0, 1.0, 0.5462480851198771], [0.0, 0.0, 0.0, 1.0]] }, 9.9999999999999995E-07], "Outputs" : [true] }, { "_t" : "BH.oM.Test.UnitTests.TestData", "BHoM_Guid" : "86360947-9b35-4d84-90ef-c6fe5bc0916e", "Inputs" : [{ "_t" : "BH.oM.Geometry.TransformMatrix", "Matrix" : [[0.99993720612174586, -0.011206418403624284, 0.0, 2.0733421446504723], [0.011206418403624284, 0.99993720612174586, 0.0, 6.1795753680521202], [0.0, 0.0, 1.0, 0.31758043557292803], [0.0, 0.0, 0.0, 1.0]] }, 9.9999999999999995E-07], "Outputs" : [true] }, { "_t" : "BH.oM.Test.UnitTests.TestData", "BHoM_Guid" : "e1a081a0-9192-4e9a-b87a-66d89219f4d2", "Inputs" : [{ "_t" : "BH.oM.Geometry.TransformMatrix", "Matrix" : [[0.72112791177774938, -0.69280194489844105, 0.0, 10.767381681441302], [0.69280194489844105, 0.72112791177774938, 0.0, 7.0293332726051183], [0.0, 0.0, 1.0, 0.22001796226018014], [0.0, 0.0, 0.0, 1.0]] }, 9.9999999999999995E-07], "Outputs" : [true] }, { "_t" : "BH.oM.Test.UnitTests.TestData", "BHoM_Guid" : "806a4d78-b384-4e31-af24-852ab622f53c", "Inputs" : [{ "_t" : "BH.oM.Geometry.TransformMatrix", "Matrix" : [[0.99958693143736455, -0.028739632907075569, 0.0, 9.7265110635011354], [0.028739632907075569, 0.99958693143736455, 0.0, 1.0531191990230016], [0.0, 0.0, 1.0, 0.092731523370710917], [0.0, 0.0, 0.0, 1.0]] }, 9.9999999999999995E-07], "Outputs" : [true] }, { "_t" : "BH.oM.Test.UnitTests.TestData", "BHoM_Guid" : "e2b43fce-26c5-440b-af6e-a99cdfcf1d4c", "Inputs" : [{ "_t" : "BH.oM.Geometry.TransformMatrix", "Matrix" : [[0.99997141433512848, -0.0075611184756461088, 0.0, 3.5681805408911322], [0.0075611184756461088, 0.99997141433512848, 0.0, 3.1853850998852837], [0.0, 0.0, 1.0, 1.8791229193467287], [0.0, 0.0, 0.0, 1.0]] }, 9.9999999999999995E-07], "Outputs" : [true] }, { "_t" : "BH.oM.Test.UnitTests.TestData", "BHoM_Guid" : "6faaab75-822b-4d86-b713-2dffacd5b750", "Inputs" : [{ "_t" : "BH.oM.Geometry.TransformMatrix", "Matrix" : [[0.87273356398233692, -0.48819681102879831, 0.0, 4.3909938783501854], [0.48819681102879831, 0.87273356398233692, 0.0, 3.2282355089065096], [0.0, 0.0, 1.0, 0.03692646233221817], [0.0, 0.0, 0.0, 1.0]] }, 9.9999999999999995E-07], "Outputs" : [true] }, { "_t" : "BH.oM.Test.UnitTests.TestData", "BHoM_Guid" : "31d64c59-0aa8-460a-b12e-d85e9ccdcef0", "Inputs" : [{ "_t" : "BH.oM.Geometry.TransformMatrix", "Matrix" : [[0.92788552554331727, -0.3728651921099661, 0.0, 7.0347498378753262], [0.3728651921099661, 0.92788552554331727, 0.0, 11.634704884057252], [0.0, 0.0, 1.0, 0.29734108517753943], [0.0, 0.0, 0.0, 1.0]] }, 9.9999999999999995E-07], "Outputs" : [true] }, { "_t" : "BH.oM.Test.UnitTests.TestData", "BHoM_Guid" : "646df37a-fe91-4cb1-9edf-f93f65a68e8a", "Inputs" : [{ "_t" : "BH.oM.Geometry.TransformMatrix", "Matrix" : [[0.9612186564090156, -0.27578740828987619, 0.0, 6.6829848327323296], [0.27578740828987619, 0.9612186564090156, 0.0, 5.3991742313716236], [0.0, 0.0, 1.0, 1.0743490313526005], [0.0, 0.0, 0.0, 1.0]] }, 9.9999999999999995E-07], "Outputs" : [true] }, { "_t" : "BH.oM.Test.UnitTests.TestData", "BHoM_Guid" : "381ec1b1-3b9c-4537-90aa-bc006a7533ab", "Inputs" : [{ "_t" : "BH.oM.Geometry.TransformMatrix", "Matrix" : [[0.76284900939606426, -0.64657666897549237, 0.0, 9.4001632866114413], [0.64657666897549237, 0.76284900939606426, 0.0, 0.13466983268851873], [0.0, 0.0, 1.0, 0.46026501174097184], [0.0, 0.0, 0.0, 1.0]] }, 9.9999999999999995E-07], "Outputs" : [true] }, { "_t" : "BH.oM.Test.UnitTests.TestData", "BHoM_Guid" : "ac88b90d-714b-482d-a785-0cca35227348", "Inputs" : [{ "_t" : "BH.oM.Geometry.TransformMatrix", "Matrix" : [[0.97243378116541701, -0.23317920415064877, 0.0, 6.979216054436689], [0.23317920415064877, 0.97243378116541701, 0.0, 3.1317717019532756], [0.0, 0.0, 1.0, 1.8458406598520654], [0.0, 0.0, 0.0, 1.0]] }, 9.9999999999999995E-07], "Outputs" : [true] }, { "_t" : "BH.oM.Test.UnitTests.TestData", "BHoM_Guid" : "1b8424d5-d7b0-463e-9517-09bb9d531b15", "Inputs" : [{ "_t" : "BH.oM.Geometry.TransformMatrix", "Matrix" : [[0.74429220193056234, -0.66785411441822751, 0.0, 2.3380133516452473], [0.66785411441822751, 0.74429220193056234, 0.0, 10.605720793883117], [0.0, 0.0, 1.0, 0.83520669249594526], [0.0, 0.0, 0.0, 1.0]] }, 9.9999999999999995E-07], "Outputs" : [true] }, { "_t" : "BH.oM.Test.UnitTests.TestData", "BHoM_Guid" : "827cfb69-d1ba-4ada-8a64-57e418c35923", "Inputs" : [{ "_t" : "BH.oM.Geometry.TransformMatrix", "Matrix" : [[0.99604197510466785, -0.088884103357081079, 0.0, 5.4072124744351218], [0.088884103357081079, 0.99604197510466785, 0.0, 8.784123153432251], [0.0, 0.0, 1.0, 1.7624839189287667], [0.0, 0.0, 0.0, 1.0]] }, 9.9999999999999995E-07], "Outputs" : [true] }, { "_t" : "BH.oM.Test.UnitTests.TestData", "BHoM_Guid" : "5839ae82-3ec7-42cd-893a-854e47175a9d", "Inputs" : [{ "_t" : "BH.oM.Geometry.TransformMatrix", "Matrix" : [[0.9965865163768507, -0.082554923389541457, 0.0, 3.0566349173378904], [0.082554923389541457, 0.9965865163768507, 0.0, 9.6978626901932756], [0.0, 0.0, 1.0, 1.9450378231448298], [0.0, 0.0, 0.0, 1.0]] }, 9.9999999999999995E-07], "Outputs" : [true] }, { "_t" : "BH.oM.Test.UnitTests.TestData", "BHoM_Guid" : "7fb8acee-2e0d-47f0-86ff-1c31536ff2db", "Inputs" : [{ "_t" : "BH.oM.Geometry.TransformMatrix", "Matrix" : [[0.94317903596158781, -0.33228497727488354, 0.0, 1.9211013769802583], [0.33228497727488354, 0.94317903596158781, 0.0, 3.6499550371021083], [0.0, 0.0, 1.0, 1.3778785678455041], [0.0, 0.0, 0.0, 1.0]] }, 9.9999999999999995E-07], "Outputs" : [true] }, { "_t" : "BH.oM.Test.UnitTests.TestData", "BHoM_Guid" : "d50c6f6a-cdae-409c-a1d3-12d87e8df67a", "Inputs" : [{ "_t" : "BH.oM.Geometry.TransformMatrix", "Matrix" : [[0.94607079213389433, -0.32395996090743334, 0.0, 0.018304311999495448], [0.32395996090743334, 0.94607079213389433, 0.0, 6.1148528500053843], [0.0, 0.0, 1.0, 1.9936536028951657], [0.0, 0.0, 0.0, 1.0]] }, 9.9999999999999995E-07], "Outputs" : [true] }, { "_t" : "BH.oM.Test.UnitTests.TestData", "BHoM_Guid" : "e859b861-04f8-4403-9f3d-7884af9e7a98", "Inputs" : [{ "_t" : "BH.oM.Geometry.TransformMatrix", "Matrix" : [[0.74429551773735692, -0.66785041908804677, 0.0, 4.1986795520426492], [0.66785041908804677, 0.74429551773735692, 0.0, 1.7255474432626787], [0.0, 0.0, 1.0, 0.49681777437069352], [0.0, 0.0, 0.0, 1.0]] }, 9.9999999999999995E-07], "Outputs" : [true] }, { "_t" : "BH.oM.Test.UnitTests.TestData", "BHoM_Guid" : "21f159ff-2478-474b-8277-fa2ce7ef8808", "Inputs" : [{ "_t" : "BH.oM.Geometry.TransformMatrix", "Matrix" : [[0.624774672504391, -0.78080510282466198, 0.0, 4.2772644520627585], [0.78080510282466198, 0.624774672504391, 0.0, 6.8230612680028457], [0.0, 0.0, 1.0, 1.7992203309197075], [0.0, 0.0, 0.0, 1.0]] }, 9.9999999999999995E-07], "Outputs" : [true] }, { "_t" : "BH.oM.Test.UnitTests.TestData", "BHoM_Guid" : "a9100ee7-27cf-46d6-b209-c80f1c1f6323", "Inputs" : [{ "_t" : "BH.oM.Geometry.TransformMatrix", "Matrix" : [[0.68757653441552113, -0.72611191239446116, 0.0, 0.78949094844392764], [0.72611191239446116, 0.68757653441552113, 0.0, 10.486717982731237], [0.0, 0.0, 1.0, 0.17639069081116035], [0.0, 0.0, 0.0, 1.0]] }, 9.9999999999999995E-07], "Outputs" : [true] }, { "_t" : "BH.oM.Test.UnitTests.TestData", "BHoM_Guid" : "1eab326c-d47f-4513-bf1a-edb28ab9318c", "Inputs" : [{ "_t" : "BH.oM.Geometry.TransformMatrix", "Matrix" : [[0.79393123443109392, -0.60800756162626746, 0.0, 10.836880026385156], [0.60800756162626746, 0.79393123443109392, 0.0, 3.7434257890267553], [0.0, 0.0, 1.0, 1.9690852872883366], [0.0, 0.0, 0.0, 1.0]] }, 9.9999999999999995E-07], "Outputs" : [true] }, { "_t" : "BH.oM.Test.UnitTests.TestData", "BHoM_Guid" : "1d298770-9be0-4aa6-93ff-1f87ad3ae185", "Inputs" : [{ "_t" : "BH.oM.Geometry.TransformMatrix", "Matrix" : [[0.60036714967002913, -0.79972450606260959, 0.0, 8.4034525342719597], [0.79972450606260959, 0.60036714967002913, 0.0, 3.0969917644222398], [0.0, 0.0, 1.0, 0.0044331448173304758], [0.0, 0.0, 0.0, 1.0]] }, 9.9999999999999995E-07], "Outputs" : [true] }, { "_t" : "BH.oM.Test.UnitTests.TestData", "BHoM_Guid" : "a99867d3-c2f2-48cf-9946-0cf82a1b94b9", "Inputs" : [{ "_t" : "BH.oM.Geometry.TransformMatrix", "Matrix" : [[0.99507960999926848, -0.09907860396525478, 0.0, 4.0499171527281925], [0.09907860396525478, 0.99507960999926848, 0.0, 5.4466341571457928], [0.0, 0.0, 1.0, 1.6872521451149378], [0.0, 0.0, 0.0, 1.0]] }, 9.9999999999999995E-07], "Outputs" : [true] }, { "_t" : "BH.oM.Test.UnitTests.TestData", "BHoM_Guid" : "a163fd47-46ad-4704-9764-4039fd81be75", "Inputs" : [{ "_t" : "BH.oM.Geometry.TransformMatrix", "Matrix" : [[0.77008041537151206, -0.63794682682903869, 0.0, 4.5526761538956233], [0.63794682682903869, 0.77008041537151206, 0.0, 2.7783052157727779], [0.0, 0.0, 1.0, 1.9840892050341188], [0.0, 0.0, 0.0, 1.0]] }, 9.9999999999999995E-07], "Outputs" : [true] }, { "_t" : "BH.oM.Test.UnitTests.TestData", "BHoM_Guid" : "fc73f92b-7b8c-4fa5-a85c-403f46556b05", "Inputs" : [{ "_t" : "BH.oM.Geometry.TransformMatrix", "Matrix" : [[0.60145113920123916, -0.79890958634474507, 0.0, 10.776222050178204], [0.79890958634474507, 0.60145113920123916, 0.0, -0.35846684657482886], [0.0, 0.0, 1.0, 0.29253122969182732], [0.0, 0.0, 0.0, 1.0]] }, 9.9999999999999995E-07], "Outputs" : [true] }, { "_t" : "BH.oM.Test.UnitTests.TestData", "BHoM_Guid" : "6c8f3711-0e57-475c-9bae-40686338061c", "Inputs" : [{ "_t" : "BH.oM.Geometry.TransformMatrix", "Matrix" : [[0.55690558275533997, -0.8305758074347791, 0.0, 5.9671342123938853], [0.8305758074347791, 0.55690558275533997, 0.0, 0.53098900607195754], [0.0, 0.0, 1.0, 0.35026999486157206], [0.0, 0.0, 0.0, 1.0]] }, 9.9999999999999995E-07], "Outputs" : [true] }, { "_t" : "BH.oM.Test.UnitTests.TestData", "BHoM_Guid" : "5bdf4da6-8a2f-4347-b18c-de64798def80", "Inputs" : [{ "_t" : "BH.oM.Geometry.TransformMatrix", "Matrix" : [[0.99486141910081372, -0.10124602108090548, 0.0, 9.7124252960090605], [0.10124602108090548, 0.99486141910081372, 0.0, 5.3167832006509581], [0.0, 0.0, 1.0, 1.8498578480677017], [0.0, 0.0, 0.0, 1.0]] }, 9.9999999999999995E-07], "Outputs" : [true] }, { "_t" : "BH.oM.Test.UnitTests.TestData", "BHoM_Guid" : "3046822e-d7c3-4f7f-941f-2c2e1eb9e6a1", "Inputs" : [{ "_t" : "BH.oM.Geometry.TransformMatrix", "Matrix" : [[0.99925182768887577, -0.038675377961194607, 0.0, 9.3702709600595071], [0.038675377961194607, 0.99925182768887577, 0.0, 9.679576530728248], [0.0, 0.0, 1.0, 1.9327707010939581], [0.0, 0.0, 0.0, 1.0]] }, 9.9999999999999995E-07], "Outputs" : [true] }, { "_t" : "BH.oM.Test.UnitTests.TestData", "BHoM_Guid" : "af8f667b-f61b-4ce2-80d1-5bd290ac32fc", "Inputs" : [{ "_t" : "BH.oM.Geometry.TransformMatrix", "Matrix" : [[0.94240240570091705, -0.33448124869583379, 0.0, 5.7181954555732055], [0.33448124869583379, 0.94240240570091705, 0.0, 1.9384570035710502], [0.0, 0.0, 1.0, 1.9076927545981914], [0.0, 0.0, 0.0, 1.0]] }, 9.9999999999999995E-07], "Outputs" : [true] }, { "_t" : "BH.oM.Test.UnitTests.TestData", "BHoM_Guid" : "0ec72756-54ca-4fc8-a7b1-e50918415385", "Inputs" : [{ "_t" : "BH.oM.Geometry.TransformMatrix", "Matrix" : [[0.66025384833279965, -0.75104251261944455, 0.0, 0.33987133279261039], [0.75104251261944455, 0.66025384833279965, 0.0, 5.5062600630287548], [0.0, 0.0, 1.0, 1.9896479705300405], [0.0, 0.0, 0.0, 1.0]] }, 9.9999999999999995E-07], "Outputs" : [true] }, { "_t" : "BH.oM.Test.UnitTests.TestData", "BHoM_Guid" : "b232bf13-cf06-4f2c-86c5-cf8b0d08b067", "Inputs" : [{ "_t" : "BH.oM.Geometry.TransformMatrix", "Matrix" : [[0.7730932273147052, -0.63429241039140105, 0.0, 11.303740680877388], [0.63429241039140105, 0.7730932273147052, 0.0, 5.0805021480876036], [0.0, 0.0, 1.0, 1.5622578680339538], [0.0, 0.0, 0.0, 1.0]] }, 9.9999999999999995E-07], "Outputs" : [true] }, { "_t" : "BH.oM.Test.UnitTests.TestData", "BHoM_Guid" : "c1911ac1-f064-432a-a7f6-6fe9863d35a5", "Inputs" : [{ "_t" : "BH.oM.Geometry.TransformMatrix", "Matrix" : [[0.7357640553497945, -0.67723796028812833, 0.0, -2.1673606579795015], [0.67723796028812833, 0.7357640553497945, 0.0, 4.4139148771831094], [0.0, 0.0, 1.0, 0.60541529981671616], [0.0, 0.0, 0.0, 1.0]] }, 9.9999999999999995E-07], "Outputs" : [true] }, { "_t" : "BH.oM.Test.UnitTests.TestData", "BHoM_Guid" : "b1a5232f-5955-4747-bc05-50dce2ad3783", "Inputs" : [{ "_t" : "BH.oM.Geometry.TransformMatrix", "Matrix" : [[0.77401039241941316, -0.63317289299743873, 0.0, -1.0007990979542509], [0.63317289299743873, 0.77401039241941316, 0.0, 11.149104378401328], [0.0, 0.0, 1.0, 1.651892777370239], [0.0, 0.0, 0.0, 1.0]] }, 9.9999999999999995E-07], "Outputs" : [true] }, { "_t" : "BH.oM.Test.UnitTests.TestData", "BHoM_Guid" : "18b969cc-1c6b-412e-be91-d31608338880", "Inputs" : [{ "_t" : "BH.oM.Geometry.TransformMatrix", "Matrix" : [[0.99567291930461044, -0.092927056143163753, 0.0, 1.8810560244595673], [0.092927056143163753, 0.99567291930461044, 0.0, 7.8136352478351556], [0.0, 0.0, 1.0, 0.0044228723293276845], [0.0, 0.0, 0.0, 1.0]] }, 9.9999999999999995E-07], "Outputs" : [true] }, { "_t" : "BH.oM.Test.UnitTests.TestData", "BHoM_Guid" : "135e6754-622b-43ca-823f-d94309f0d13c", "Inputs" : [{ "_t" : "BH.oM.Geometry.TransformMatrix", "Matrix" : [[0.99917913239758038, -0.04051001581360595, 0.0, 7.5672817069528842], [0.04051001581360595, 0.99917913239758038, 0.0, 4.3630467306502414], [0.0, 0.0, 1.0, 1.3591984656449401], [0.0, 0.0, 0.0, 1.0]] }, 9.9999999999999995E-07], "Outputs" : [true] }, { "_t" : "BH.oM.Test.UnitTests.TestData", "BHoM_Guid" : "84216de7-25b7-4317-bc07-401b54cacff1", "Inputs" : [{ "_t" : "BH.oM.Geometry.TransformMatrix", "Matrix" : [[0.96333747664414804, -0.26829257554558888, 0.0, 6.522049789957661], [0.26829257554558888, 0.96333747664414804, 0.0, 8.2826978200862733], [0.0, 0.0, 1.0, 0.040257382225365089], [0.0, 0.0, 0.0, 1.0]] }, 9.9999999999999995E-07], "Outputs" : [true] }, { "_t" : "BH.oM.Test.UnitTests.TestData", "BHoM_Guid" : "afac6f91-8f82-4a80-b633-38650a36a5bd", "Inputs" : [{ "_t" : "BH.oM.Geometry.TransformMatrix", "Matrix" : [[0.96554907095655873, -0.26022104368195575, 0.0, 4.2764742499618356], [0.26022104368195575, 0.96554907095655873, 0.0, 8.7452590963731041], [0.0, 0.0, 1.0, 0.35757149772605462], [0.0, 0.0, 0.0, 1.0]] }, 9.9999999999999995E-07], "Outputs" : [true] }, { "_t" : "BH.oM.Test.UnitTests.TestData", "BHoM_Guid" : "b99b35ed-1f9c-49ac-957e-cc9eafb25c98", "Inputs" : [{ "_t" : "BH.oM.Geometry.TransformMatrix", "Matrix" : [[0.87768826110715847, -0.47923200677197297, 0.0, 11.4459138136753], [0.47923200677197297, 0.87768826110715847, 0.0, 6.4804845752228406], [0.0, 0.0, 1.0, 1.9763191472628709], [0.0, 0.0, 0.0, 1.0]] }, 9.9999999999999995E-07], "Outputs" : [true] }, { "_t" : "BH.oM.Test.UnitTests.TestData", "BHoM_Guid" : "b7160019-f04a-4541-a638-74aaa7865867", "Inputs" : [{ "_t" : "BH.oM.Geometry.TransformMatrix", "Matrix" : [[0.57223322669684284, -0.82009093048522352, 0.0, 11.928908848078947], [0.82009093048522352, 0.57223322669684284, 0.0, 9.9227558725635081], [0.0, 0.0, 1.0, 0.19274323815141955], [0.0, 0.0, 0.0, 1.0]] }, 9.9999999999999995E-07], "Outputs" : [true] }, { "_t" : "BH.oM.Test.UnitTests.TestData", "BHoM_Guid" : "f27eaa8f-d1a1-49a0-bf1d-cad49587d2af", "Inputs" : [{ "_t" : "BH.oM.Geometry.TransformMatrix", "Matrix" : [[0.84934907440484897, -0.52783155438797558, 0.0, 1.9462417467726127], [0.52783155438797558, 0.84934907440484897, 0.0, 10.571985714769077], [0.0, 0.0, 1.0, 0.036799282784014606], [0.0, 0.0, 0.0, 1.0]] }, 9.9999999999999995E-07], "Outputs" : [true] }, { "_t" : "BH.oM.Test.UnitTests.TestData", "BHoM_Guid" : "c31d9da8-046c-44b5-9c0d-3afae25601eb", "Inputs" : [{ "_t" : "BH.oM.Geometry.TransformMatrix", "Matrix" : [[0.9998450710538459, -0.017602099003525263, 0.0, 0.14481189030146849], [0.017602099003525263, 0.9998450710538459, 0.0, 9.3123176572984132], [0.0, 0.0, 1.0, 0.12726415513421602], [0.0, 0.0, 0.0, 1.0]] }, 9.9999999999999995E-07], "Outputs" : [true] }, { "_t" : "BH.oM.Test.UnitTests.TestData", "BHoM_Guid" : "0739c7be-1838-455b-8a03-adb7b605ab2d", "Inputs" : [{ "_t" : "BH.oM.Geometry.TransformMatrix", "Matrix" : [[0.88301876074704899, -0.46933769097393591, 0.0, 8.5336241739824583], [0.46933769097393591, 0.88301876074704899, 0.0, 6.0623460594755674], [0.0, 0.0, 1.0, 1.6169812956903975], [0.0, 0.0, 0.0, 1.0]] }, 9.9999999999999995E-07], "Outputs" : [true] }, { "_t" : "BH.oM.Test.UnitTests.TestData", "BHoM_Guid" : "4f8dad3a-48e5-4a18-bb5a-71693bf84b9a", "Inputs" : [{ "_t" : "BH.oM.Geometry.TransformMatrix", "Matrix" : [[0.94201453231112786, -0.33557208005828959, 0.0, 3.4992512402992282], [0.33557208005828959, 0.94201453231112786, 0.0, 4.1944626379579821], [0.0, 0.0, 1.0, 0.44252763057245298], [0.0, 0.0, 0.0, 1.0]] }, 9.9999999999999995E-07], "Outputs" : [true] }, { "_t" : "BH.oM.Test.UnitTests.TestData", "BHoM_Guid" : "31e8b769-ad4e-4b8e-b1d1-271f98804a7e", "Inputs" : [{ "_t" : "BH.oM.Geometry.TransformMatrix", "Matrix" : [[0.88437010161677798, -0.46678637872835349, 0.0, 2.8022159929357029], [0.46678637872835349, 0.88437010161677798, 0.0, -2.2110868031395623], [0.0, 0.0, 1.0, 0.83934540526910939], [0.0, 0.0, 0.0, 1.0]] }, 9.9999999999999995E-07], "Outputs" : [true] }, { "_t" : "BH.oM.Test.UnitTests.TestData", "BHoM_Guid" : "0c0caa7b-7e24-4c42-974b-57f0a92a0fa6", "Inputs" : [{ "_t" : "BH.oM.Geometry.TransformMatrix", "Matrix" : [[0.80064100023076856, -0.59914438055403185, 0.0, 5.0430741440097782], [0.59914438055403185, 0.80064100023076856, 0.0, -0.86166514173784581], [0.0, 0.0, 1.0, 1.8272507897705077], [0.0, 0.0, 0.0, 1.0]] }, 9.9999999999999995E-07], "Outputs" : [true] }, { "_t" : "BH.oM.Test.UnitTests.TestData", "BHoM_Guid" : "e0958d0d-1292-414c-971b-431b0f54b4fb", "Inputs" : [{ "_t" : "BH.oM.Geometry.TransformMatrix", "Matrix" : [[0.81380422796897156, -0.58113912150175029, 0.0, 1.6648532470254551], [0.58113912150175029, 0.81380422796897156, 0.0, 8.4652686286045586], [0.0, 0.0, 1.0, 1.2507694285599373], [0.0, 0.0, 0.0, 1.0]] }, 9.9999999999999995E-07], "Outputs" : [true] }, { "_t" : "BH.oM.Test.UnitTests.TestData", "BHoM_Guid" : "9a6aa937-075a-477f-851b-4f1d238d6990", "Inputs" : [{ "_t" : "BH.oM.Geometry.TransformMatrix", "Matrix" : [[0.99731143608361461, -0.073279597821209352, 0.0, 6.1677556238660891], [0.073279597821209352, 0.99731143608361461, 0.0, 1.5950819622459891], [0.0, 0.0, 1.0, 1.2985429341432373], [0.0, 0.0, 0.0, 1.0]] }, 9.9999999999999995E-07], "Outputs" : [true] }, { "_t" : "BH.oM.Test.UnitTests.TestData", "BHoM_Guid" : "ef3d09a8-4f57-4ad1-afe4-97cd5f2c1ad8", "Inputs" : [{ "_t" : "BH.oM.Geometry.TransformMatrix", "Matrix" : [[0.6251896088413339, -0.78047290343535947, 0.0, 4.2306851627445088], [0.78047290343535947, 0.6251896088413339, 0.0, 6.6838347511075487], [0.0, 0.0, 1.0, 0.99201804352552536], [0.0, 0.0, 0.0, 1.0]] }, 9.9999999999999995E-07], "Outputs" : [true] }, { "_t" : "BH.oM.Test.UnitTests.TestData", "BHoM_Guid" : "b25466f8-f22a-494f-9b93-f554015ecd2e", "Inputs" : [{ "_t" : "BH.oM.Geometry.TransformMatrix", "Matrix" : [[0.82793950449054343, -0.56081741850976186, 0.0, 7.9208501166203149], [0.56081741850976186, 0.82793950449054343, 0.0, 4.8513206506269784], [0.0, 0.0, 1.0, 1.4379147027795738], [0.0, 0.0, 0.0, 1.0]] }, 9.9999999999999995E-07], "Outputs" : [true] }, { "_t" : "BH.oM.Test.UnitTests.TestData", "BHoM_Guid" : "fae78b10-9672-4732-8e81-ef816117248c", "Inputs" : [{ "_t" : "BH.oM.Geometry.TransformMatrix", "Matrix" : [[0.90797575030063737, -0.41902271640806621, 0.0, 1.3850497994101953], [0.41902271640806621, 0.90797575030063737, 0.0, 0.055395415011013416], [0.0, 0.0, 1.0, 0.74770744831660174], [0.0, 0.0, 0.0, 1.0]] }, 9.9999999999999995E-07], "Outputs" : [true] }, { "_t" : "BH.oM.Test.UnitTests.TestData", "BHoM_Guid" : "1b55df8a-7e49-4b9f-b0ed-7f6a9159ee7e", "Inputs" : [{ "_t" : "BH.oM.Geometry.TransformMatrix", "Matrix" : [[0.99724470535139642, -0.074182192260720231, 0.0, 7.5772116227138548], [0.074182192260720231, 0.99724470535139642, 0.0, 8.9355408015122233], [0.0, 0.0, 1.0, 0.26417143096410273], [0.0, 0.0, 0.0, 1.0]] }, 9.9999999999999995E-07], "Outputs" : [true] }, { "_t" : "BH.oM.Test.UnitTests.TestData", "BHoM_Guid" : "7b7bcbbd-f538-4b07-9494-37eb07bce8b4", "Inputs" : [{ "_t" : "BH.oM.Geometry.TransformMatrix", "Matrix" : [[0.90700412567967659, -0.42112173536881869, 0.0, 1.6973525540318928], [0.42112173536881869, 0.90700412567967659, 0.0, 6.8100880282605711], [0.0, 0.0, 1.0, 0.62150432570907488], [0.0, 0.0, 0.0, 1.0]] }, 9.9999999999999995E-07], "Outputs" : [true] }, { "_t" : "BH.oM.Test.UnitTests.TestData", "BHoM_Guid" : "844801a8-a465-463c-9b11-7a769cbd0c62", "Inputs" : [{ "_t" : "BH.oM.Geometry.TransformMatrix", "Matrix" : [[0.9960337860731554, -0.088975822563074999, 0.0, 6.8993787370861233], [0.088975822563074999, 0.9960337860731554, 0.0, 2.6179261848019695], [0.0, 0.0, 1.0, 1.8418529135369943], [0.0, 0.0, 0.0, 1.0]] }, 9.9999999999999995E-07], "Outputs" : [true] }, { "_t" : "BH.oM.Test.UnitTests.TestData", "BHoM_Guid" : "d2dc1b37-90e6-40ef-9403-f89f2aa3c690", "Inputs" : [{ "_t" : "BH.oM.Geometry.TransformMatrix", "Matrix" : [[0.95640746637291463, -0.29203554281310018, 0.0, 0.79473732918311646], [0.29203554281310018, 0.95640746637291463, 0.0, 0.91051935495339764], [0.0, 0.0, 1.0, 1.9755207337325069], [0.0, 0.0, 0.0, 1.0]] }, 9.9999999999999995E-07], "Outputs" : [true] }, { "_t" : "BH.oM.Test.UnitTests.TestData", "BHoM_Guid" : "3640a5d0-bae5-451d-9951-ca4acf097a4c", "Inputs" : [{ "_t" : "BH.oM.Geometry.TransformMatrix", "Matrix" : [[0.79418456173874019, -0.60767662608976925, 0.0, 5.6092089278141692], [0.60767662608976925, 0.79418456173874019, 0.0, 9.4784664108580401], [0.0, 0.0, 1.0, 0.017812492334196572], [0.0, 0.0, 0.0, 1.0]] }, 9.9999999999999995E-07], "Outputs" : [true] }, { "_t" : "BH.oM.Test.UnitTests.TestData", "BHoM_Guid" : "7655a6b8-871e-4946-b19d-6ddf90d7a314", "Inputs" : [{ "_t" : "BH.oM.Geometry.TransformMatrix", "Matrix" : [[0.64076329624712691, -0.76773849596234045, 0.0, 11.095513390713702], [0.76773849596234045, 0.64076329624712691, 0.0, 2.4974077259845151], [0.0, 0.0, 1.0, 0.028333373380980163], [0.0, 0.0, 0.0, 1.0]] }, 9.9999999999999995E-07], "Outputs" : [true] }, { "_t" : "BH.oM.Test.UnitTests.TestData", "BHoM_Guid" : "e4e50435-482d-474d-8075-2802a357bc3c", "Inputs" : [{ "_t" : "BH.oM.Geometry.TransformMatrix", "Matrix" : [[0.94063321896484642, -0.33942473006519602, 0.0, 7.6882393756123211], [0.33942473006519602, 0.94063321896484642, 0.0, 10.279372055913493], [0.0, 0.0, 1.0, 1.4072379197027711], [0.0, 0.0, 0.0, 1.0]] }, 9.9999999999999995E-07], "Outputs" : [true] }, { "_t" : "BH.oM.Test.UnitTests.TestData", "BHoM_Guid" : "377d07f8-4e11-43cf-a64b-d01ac813fac2", "Inputs" : [{ "_t" : "BH.oM.Geometry.TransformMatrix", "Matrix" : [[0.86120831800556619, -0.50825213526164714, 0.0, 3.0395296359769151], [0.50825213526164714, 0.86120831800556619, 0.0, -0.20108174730098805], [0.0, 0.0, 1.0, 0.36523986345401027], [0.0, 0.0, 0.0, 1.0]] }, 9.9999999999999995E-07], "Outputs" : [true] }, { "_t" : "BH.oM.Test.UnitTests.TestData", "BHoM_Guid" : "2fa10c6b-dd99-4ef9-bba9-bdf94d18cb61", "Inputs" : [{ "_t" : "BH.oM.Geometry.TransformMatrix", "Matrix" : [[0.9963277252139302, -0.085621632605522788, 0.0, 2.7654250666435347], [0.085621632605522788, 0.9963277252139302, 0.0, 7.3518867111653652], [0.0, 0.0, 1.0, 1.5149982643849209], [0.0, 0.0, 0.0, 1.0]] }, 9.9999999999999995E-07], "Outputs" : [true] }, { "_t" : "BH.oM.Test.UnitTests.TestData", "BHoM_Guid" : "cc46b6ef-770a-4097-a766-11d8c3ce20d0", "Inputs" : [{ "_t" : "BH.oM.Geometry.TransformMatrix", "Matrix" : [[0.70722814719915716, -0.70698539433940732, 0.0, -0.050247893182767234], [0.70698539433940732, 0.70722814719915716, 0.0, 3.1462019510639245], [0.0, 0.0, 1.0, 0.16300765711954221], [0.0, 0.0, 0.0, 1.0]] }, 9.9999999999999995E-07], "Outputs" : [true] }, { "_t" : "BH.oM.Test.UnitTests.TestData", "BHoM_Guid" : "3d446a84-5dda-4f58-b3bc-541067181d0c", "Inputs" : [{ "_t" : "BH.oM.Geometry.TransformMatrix", "Matrix" : [[0.59997714047961925, -0.80001714412998626, 0.0, 6.2294968681987264], [0.80001714412998626, 0.59997714047961925, 0.0, 2.0547968372936474], [0.0, 0.0, 1.0, 1.9238293571042966], [0.0, 0.0, 0.0, 1.0]] }, 9.9999999999999995E-07], "Outputs" : [true] }, { "_t" : "BH.oM.Test.UnitTests.TestData", "BHoM_Guid" : "46a657bb-a86a-4a22-90bd-4bc2a3cd2a98", "Inputs" : [{ "_t" : "BH.oM.Geometry.TransformMatrix", "Matrix" : [[0.56622620991390937, -0.8242498888119606, 0.0, 4.070884783112338], [0.8242498888119606, 0.56622620991390937, 0.0, 12.619316348896817], [0.0, 0.0, 1.0, 0.25947200798404962], [0.0, 0.0, 0.0, 1.0]] }, 9.9999999999999995E-07], "Outputs" : [true] }, { "_t" : "BH.oM.Test.UnitTests.TestData", "BHoM_Guid" : "e42628a9-e448-488f-9bfe-db6d2b42440b", "Inputs" : [{ "_t" : "BH.oM.Geometry.TransformMatrix", "Matrix" : [[0.985758889195126, -0.16816483690947806, 0.0, 8.5092833708987978], [0.16816483690947806, 0.985758889195126, 0.0, 1.2046570938140144], [0.0, 0.0, 1.0, 0.093888014598697431], [0.0, 0.0, 0.0, 1.0]] }, 9.9999999999999995E-07], "Outputs" : [true] }, { "_t" : "BH.oM.Test.UnitTests.TestData", "BHoM_Guid" : "cf042cf8-cd7a-4864-a54c-1391259d2ae8", "Inputs" : [{ "_t" : "BH.oM.Geometry.TransformMatrix", "Matrix" : [[0.86156320300589095, -0.5076503198326876, 0.0, 3.9089366151500027], [0.5076503198326876, 0.86156320300589095, 0.0, 1.8146242365539256], [0.0, 0.0, 1.0, 0.44848518001310766], [0.0, 0.0, 0.0, 1.0]] }, 9.9999999999999995E-07], "Outputs" : [true] }, { "_t" : "BH.oM.Test.UnitTests.TestData", "BHoM_Guid" : "5a14d11f-3c40-44f2-af47-b5873ebb4659", "Inputs" : [{ "_t" : "BH.oM.Geometry.TransformMatrix", "Matrix" : [[0.82964998767607701, -0.55828388652108285, 0.0, 2.7962471955564157], [0.55828388652108285, 0.82964998767607701, 0.0, 5.2293448176432893], [0.0, 0.0, 1.0, 1.9533266322469929], [0.0, 0.0, 0.0, 1.0]] }, 9.9999999999999995E-07], "Outputs" : [true] }, { "_t" : "BH.oM.Test.UnitTests.TestData", "BHoM_Guid" : "4f4e4918-3154-49c0-b6e7-96175d83e4bd", "Inputs" : [{ "_t" : "BH.oM.Geometry.TransformMatrix", "Matrix" : [[0.57426836363189748, -0.81866711582397322, 0.0, 10.695297286223276], [0.81866711582397322, 0.57426836363189748, 0.0, 3.9112723177451478], [0.0, 0.0, 1.0, 0.32325984273257657], [0.0, 0.0, 0.0, 1.0]] }, 9.9999999999999995E-07], "Outputs" : [true] }, { "_t" : "BH.oM.Test.UnitTests.TestData", "BHoM_Guid" : "2a48bc6c-83d2-4920-a848-619bb43c256a", "Inputs" : [{ "_t" : "BH.oM.Geometry.TransformMatrix", "Matrix" : [[0.85268125185177202, -0.52243151009533773, 0.0, 5.1804208627019523], [0.52243151009533773, 0.85268125185177202, 0.0, 0.93633200649282822], [0.0, 0.0, 1.0, 1.9578376756784681], [0.0, 0.0, 0.0, 1.0]] }, 9.9999999999999995E-07], "Outputs" : [true] }, { "_t" : "BH.oM.Test.UnitTests.TestData", "BHoM_Guid" : "30ea61c9-94e0-40df-9631-3a24a08a89ea", "Inputs" : [{ "_t" : "BH.oM.Geometry.TransformMatrix", "Matrix" : [[0.80313330629784518, -0.5957993725366717, 0.0, 2.8910872483926084], [0.5957993725366717, 0.80313330629784518, 0.0, 2.8464938347305324], [0.0, 0.0, 1.0, 1.8049011583462828], [0.0, 0.0, 0.0, 1.0]] }, 9.9999999999999995E-07], "Outputs" : [true] }, { "_t" : "BH.oM.Test.UnitTests.TestData", "BHoM_Guid" : "403cb9c5-83e2-44e0-8907-8155718a2bf6", "Inputs" : [{ "_t" : "BH.oM.Geometry.TransformMatrix", "Matrix" : [[0.99882505294922785, -0.048461465113759719, 0.0, 10.079136403460639], [0.048461465113759719, 0.99882505294922785, 0.0, 2.5249044600123209], [0.0, 0.0, 1.0, 0.8961783232615228], [0.0, 0.0, 0.0, 1.0]] }, 9.9999999999999995E-07], "Outputs" : [true] }, { "_t" : "BH.oM.Test.UnitTests.TestData", "BHoM_Guid" : "170f6094-adcb-4642-b618-40ec4e4e9f02", "Inputs" : [{ "_t" : "BH.oM.Geometry.TransformMatrix", "Matrix" : [[0.68875292331658944, -0.72499614524689182, 0.0, 1.5777037201204127], [0.72499614524689182, 0.68875292331658944, 0.0, 3.5044605431975757], [0.0, 0.0, 1.0, 0.71187379151204311], [0.0, 0.0, 0.0, 1.0]] }, 9.9999999999999995E-07], "Outputs" : [true] }, { "_t" : "BH.oM.Test.UnitTests.TestData", "BHoM_Guid" : "45d2e27d-c1d1-4b92-ae75-338a0171b203", "Inputs" : [{ "_t" : "BH.oM.Geometry.TransformMatrix", "Matrix" : [[0.99715318550471899, -0.075402417983719813, 0.0, 7.6069237146404829], [0.075402417983719813, 0.99715318550471899, 0.0, 4.5139241584197203], [0.0, 0.0, 1.0, 0.014092135249679972], [0.0, 0.0, 0.0, 1.0]] }, 9.9999999999999995E-07], "Outputs" : [true] }, { "_t" : "BH.oM.Test.UnitTests.TestData", "BHoM_Guid" : "6ec58c09-964a-4b60-8f62-e40a2b7a28ed", "Inputs" : [{ "_t" : "BH.oM.Geometry.TransformMatrix", "Matrix" : [[0.67477782241945539, -0.73802092813880138, 0.0, 4.4674996066927397], [0.73802092813880138, 0.67477782241945539, 0.0, 5.3744408220204605], [0.0, 0.0, 1.0, 1.8464630794927772], [0.0, 0.0, 0.0, 1.0]] }, 9.9999999999999995E-07], "Outputs" : [true] }, { "_t" : "BH.oM.Test.UnitTests.TestData", "BHoM_Guid" : "527a7574-b9ac-44be-bcab-8ffc09a31980", "Inputs" : [{ "_t" : "BH.oM.Geometry.TransformMatrix", "Matrix" : [[0.71808673281936952, -0.69595362212492529, 0.0, 0.96177933312320851], [0.69595362212492529, 0.71808673281936952, 0.0, 12.968717890886866], [0.0, 0.0, 1.0, 1.6610783793316588], [0.0, 0.0, 0.0, 1.0]] }, 9.9999999999999995E-07], "Outputs" : [true] }, { "_t" : "BH.oM.Test.UnitTests.TestData", "BHoM_Guid" : "412a9570-c7e6-466b-95d2-9ed8ad27a7ce", "Inputs" : [{ "_t" : "BH.oM.Geometry.TransformMatrix", "Matrix" : [[0.94278536090120157, -0.33340030484447852, 0.0, 9.0403710132967792], [0.33340030484447852, 0.94278536090120157, 0.0, 1.9004975815408662], [0.0, 0.0, 1.0, 0.83761226890497475], [0.0, 0.0, 0.0, 1.0]] }, 9.9999999999999995E-07], "Outputs" : [true] }, { "_t" : "BH.oM.Test.UnitTests.TestData", "BHoM_Guid" : "2d044d3a-cb82-49cc-ba21-b2bae3ddab16", "Inputs" : [{ "_t" : "BH.oM.Geometry.TransformMatrix", "Matrix" : [[0.70025110267725033, -0.71389662640980101, 0.0, 9.3094235269676169], [0.71389662640980101, 0.70025110267725033, 0.0, 1.3468073611702662], [0.0, 0.0, 1.0, 1.1337647825171075], [0.0, 0.0, 0.0, 1.0]] }, 9.9999999999999995E-07], "Outputs" : [true] }, { "_t" : "BH.oM.Test.UnitTests.TestData", "BHoM_Guid" : "bea1ee57-2b66-4fc9-a2c3-2d51b54ef70b", "Inputs" : [{ "_t" : "BH.oM.Geometry.TransformMatrix", "Matrix" : [[0.9864170398140848, -0.16426023123208552, 0.0, 7.6721793640050295], [0.16426023123208552, 0.9864170398140848, 0.0, 8.4530621303613298], [0.0, 0.0, 1.0, 0.80870662108469127], [0.0, 0.0, 0.0, 1.0]] }, 9.9999999999999995E-07], "Outputs" : [true] }, { "_t" : "BH.oM.Test.UnitTests.TestData", "BHoM_Guid" : "810a4cca-26c4-4926-83cd-d3577e62794c", "Inputs" : [{ "_t" : "BH.oM.Geometry.TransformMatrix", "Matrix" : [[0.83391979568439545, -0.55188565334287876, 0.0, 7.7424149695825157], [0.55188565334287876, 0.83391979568439545, 0.0, -3.0024447811798112], [0.0, 0.0, 1.0, 0.18101905574138233], [0.0, 0.0, 0.0, 1.0]] }, 9.9999999999999995E-07], "Outputs" : [true] 