{ "_t" : "BH.oM.Data.Library.Dataset", "SourceInformation" : { "_t" : "BH.oM.Data.Library.Source", "SourceLink" : "", "Title" : "", "Author" : "pawelbaran", "ItemReference" : "", "Version" : "", "Publisher" : "", "Schema" : "", "Language" : "", "Location" : "", "Copyright" : "", "Contributors" : "", "Confidence" : "Undefined", "BHoM_Guid" : "854a0f1f-db54-4083-9157-f305c5a0816b", "Name" : "" }, "TimeOfCreation" : { "$date" : 1614166081018 }, "Data" : [{ "_t" : "BH.oM.Test.UnitTests.UnitTest", "Method" : { "_t" : "System.Reflection.MethodBase", "TypeName" : "{ \"_t\" : \"System.Type\", \"Name\" : \"BH.Engine.Geometry.Query, Geometry_Engine, Version=8.0.0.0, Culture=neutral, PublicKeyToken=null\", \"_bhomVersion\" : \"8.2\" }", "MethodName" : "IsRigidTransformation", "Parameters" : ["{ \"_t\" : \"System.Type\", \"Name\" : \"BH.oM.Geometry.TransformMatrix\", \"_bhomVersion\" : \"8.2\" }", "{ \"_t\" : \"System.Type\", \"Name\" : \"System.Double, mscorlib, Version=4.0.0.0, Culture=neutral, PublicKeyToken=b77a5c561934e089\", \"_bhomVersion\" : \"8.2\" }"], "_bhomVersion" : "8.2" }, "Data" : [{ "_t" : "BH.oM.Test.UnitTests.TestData", "BHoM_Guid" : "e177fb17-4bc9-4e33-bd5d-3f1b07fa051c", "Inputs" : [{ "_t" : "BH.oM.Geometry.TransformMatrix", "Matrix" : [[0.41122389040539764, 0.91153437234141066, 0.0, -0.54000000000000004], [-0.91153437234141066, 0.41122389040539764, 0.0, 0.68000000000000005], [0.0, 0.0, 1.0, -0.23000000000000001], [0.0, 0.0, 0.0, 1.0]] }, 9.9999999999999995E-07], "Outputs" : [true], "Name" : "" }, { "_t" : "BH.oM.Test.UnitTests.TestData", "BHoM_Guid" : "ba0fa06f-1224-484f-9843-57ffa8b72031", "Inputs" : [{ "_t" : "BH.oM.Geometry.TransformMatrix", "Matrix" : [[0.90000000000000002, 0.0, 0.0, -0.053999999999999992], [0.0, 0.90000000000000002, 0.0, 0.067999999999999949], [0.0, 0.0, 0.90000000000000002, -0.022999999999999993], [0.0, 0.0, 0.0, 1.0]] }, 9.9999999999999995E-07], "Outputs" : [false], "Name" : "" }, { "_t" : "BH.oM.Test.UnitTests.TestData", "BHoM_Guid" : "1e475a18-7360-4197-913b-d8767abd8523", "Inputs" : [{ "_t" : "BH.oM.Geometry.TransformMatrix", "Matrix" : [[1.0, 0.0, -0.54000000000000004, 0.0], [0.0, 1.0, 0.68000000000000005, 0.0], [0.0, 0.0, -0.23000000000000001, 0.0], [0.0, 0.0, 0.0, 1.0]] }, 9.9999999999999995E-07], "Outputs" : [false], "Name" : "" }, { "_t" : "BH.oM.Test.UnitTests.TestData", "BHoM_Guid" : "f47589f9-2cb9-40bd-98d5-efb482481807", "Inputs" : [{ "_t" : "BH.oM.Geometry.TransformMatrix", "Matrix" : [[1.0, 0.0, 0.0, 0.0], [0.0, 1.0, 0.0, 0.0], [0.0, 0.0, -1.0, -0.46000000000000002], [0.0, 0.0, 0.0, 1.0]] }, 9.9999999999999995E-07], "Outputs" : [false], "Name" : "" }, { "_t" : "BH.oM.Test.UnitTests.TestData", "BHoM_Guid" : "51f746cb-6d90-4f2d-9e51-da3c6cdd15d7", "Inputs" : [{ "_t" : "BH.oM.Geometry.TransformMatrix", "Matrix" : [[0.71714873904574028, -0.69692014326255824, 0.0, 0.98729869630729716], [0.69692014326255824, 0.71714873904574028, 0.0, 9.5029934306339392], [0.0, 0.0, 1.0, 1.5360453787893269], [0.0, 0.0, 0.0, 1.0]] }, 9.9999999999999995E-07], "Outputs" : [true], "Name" : "" }, { "_t" : "BH.oM.Test.UnitTests.TestData", "BHoM_Guid" : "a21d4d32-9dd6-4d11-8000-7f2d66e9d259", "Inputs" : [{ "_t" : "BH.oM.Geometry.TransformMatrix", "Matrix" : [[0.91943202823831705, -0.39324896115511176, 0.0, 2.4637991754125022], [0.39324896115511176, 0.91943202823831705, 0.0, 0.53585295545739875], [0.0, 0.0, 1.0, 1.7009699026592866], [0.0, 0.0, 0.0, 1.0]] }, 9.9999999999999995E-07], "Outputs" : [true], "Name" : "" }, { "_t" : "BH.oM.Test.UnitTests.TestData", "BHoM_Guid" : "7ff81f45-bfcf-435a-be5d-6cc494cd7afb", "Inputs" : [{ "_t" : "BH.oM.Geometry.TransformMatrix", "Matrix" : [[0.98625382954234619, -0.16523735568283787, 0.0, 8.6445658674830863], [0.16523735568283787, 0.98625382954234619, 0.0, 2.1882679201910062], [0.0, 0.0, 1.0, 1.6796545571087182], [0.0, 0.0, 0.0, 1.0]] }, 9.9999999999999995E-07], "Outputs" : [true], "Name" : "" }, { "_t" : "BH.oM.Test.UnitTests.TestData", "BHoM_Guid" : "432d888b-9a81-42db-a7fa-ad9d4635cbb3", "Inputs" : [{ "_t" : "BH.oM.Geometry.TransformMatrix", "Matrix" : [[0.55282390621189359, -0.8332981031543415, 0.0, -1.6495944426275644], [0.8332981031543415, 0.55282390621189359, 0.0, -1.4602176338000801], [0.0, 0.0, 1.0, 1.1247597882173768], [0.0, 0.0, 0.0, 1.0]] }, 9.9999999999999995E-07], "Outputs" : [true], "Name" : "" }, { "_t" : "BH.oM.Test.UnitTests.TestData", "BHoM_Guid" : "43834e67-761f-4dae-87fc-f7960b22e772", "Inputs" : [{ "_t" : "BH.oM.Geometry.TransformMatrix", "Matrix" : [[0.99406487519290176, -0.10878889606812173, 0.0, 4.6495469078169673], [0.10878889606812173, 0.99406487519290176, 0.0, 4.6764128579019868], [0.0, 0.0, 1.0, 0.14998051903675336], [0.0, 0.0, 0.0, 1.0]] }, 9.9999999999999995E-07], "Outputs" : [true], "Name" : "" }, { "_t" : "BH.oM.Test.UnitTests.TestData", "BHoM_Guid" : "ddd0dd06-74b9-45bb-84ba-c6f9550a124b", "Inputs" : [{ "_t" : "BH.oM.Geometry.TransformMatrix", "Matrix" : [[0.9533409910338202, -0.30189560250963166, 0.0, 5.1187990612294314], [0.30189560250963166, 0.9533409910338202, 0.0, -1.4562880525422635], [0.0, 0.0, 1.0, 0.50037017115409033], [0.0, 0.0, 0.0, 1.0]] }, 9.9999999999999995E-07], "Outputs" : [true], "Name" : "" }, { "_t" : "BH.oM.Test.UnitTests.TestData", "BHoM_Guid" : "d26276d8-6ea8-4390-862b-898b0d827d64", "Inputs" : [{ "_t" : "BH.oM.Geometry.TransformMatrix", "Matrix" : [[0.6951696416424229, -0.71884572012271541, 0.0, 6.6338938706502812], [0.71884572012271541, 0.6951696416424229, 0.0, 11.438792470095375], [0.0, 0.0, 1.0, 0.31764103300759616], [0.0, 0.0, 0.0, 1.0]] }, 9.9999999999999995E-07], "Outputs" : [true], "Name" : "" }, { "_t" : "BH.oM.Test.UnitTests.TestData", "BHoM_Guid" : "a65d6e3b-6cca-463a-8b78-7d000647b9c3", "Inputs" : [{ "_t" : "BH.oM.Geometry.TransformMatrix", "Matrix" : [[0.90237520827375284, -0.43095125419576302, 0.0, 2.0845581658114556], [0.43095125419576302, 0.90237520827375284, 0.0, -1.7675634729155791], [0.0, 0.0, 1.0, 1.5548795236064492], [0.0, 0.0, 0.0, 1.0]] }, 9.9999999999999995E-07], "Outputs" : [true], "Name" : "" }, { "_t" : "BH.oM.Test.UnitTests.TestData", "BHoM_Guid" : "79285624-b289-49b0-a4b4-dc7f6b384c87", "Inputs" : [{ "_t" : "BH.oM.Geometry.TransformMatrix", "Matrix" : [[0.97479786538720492, -0.22308994068883686, 0.0, 2.5737847844777093], [0.22308994068883686, 0.97479786538720492, 0.0, 7.0516213154689185], [0.0, 0.0, 1.0, 0.5462480851198771], [0.0, 0.0, 0.0, 1.0]] }, 9.9999999999999995E-07], "Outputs" : [true], "Name" : "" }, { "_t" : "BH.oM.Test.UnitTests.TestData", "BHoM_Guid" : "acddd7c8-f660-4d81-9528-40debc20089e", "Inputs" : [{ "_t" : "BH.oM.Geometry.TransformMatrix", "Matrix" : [[0.99993720612174586, -0.011206418403624284, 0.0, 2.0733421446504723], [0.011206418403624284, 0.99993720612174586, 0.0, 6.1795753680521202], [0.0, 0.0, 1.0, 0.31758043557292803], [0.0, 0.0, 0.0, 1.0]] }, 9.9999999999999995E-07], "Outputs" : [true], "Name" : "" }, { "_t" : "BH.oM.Test.UnitTests.TestData", "BHoM_Guid" : "512be718-2aa8-496c-ba54-84a8b07278a6", "Inputs" : [{ "_t" : "BH.oM.Geometry.TransformMatrix", "Matrix" : [[0.72112791177774938, -0.69280194489844105, 0.0, 10.767381681441302], [0.69280194489844105, 0.72112791177774938, 0.0, 7.0293332726051183], [0.0, 0.0, 1.0, 0.22001796226018014], [0.0, 0.0, 0.0, 1.0]] }, 9.9999999999999995E-07], "Outputs" : [true], "Name" : "" }, { "_t" : "BH.oM.Test.UnitTests.TestData", "BHoM_Guid" : "96ced2a1-634e-4b0c-b47a-adf0f3bd798b", "Inputs" : [{ "_t" : "BH.oM.Geometry.TransformMatrix", "Matrix" : [[0.99958693143736455, -0.028739632907075569, 0.0, 9.7265110635011354], [0.028739632907075569, 0.99958693143736455, 0.0, 1.0531191990230016], [0.0, 0.0, 1.0, 0.092731523370710917], [0.0, 0.0, 0.0, 1.0]] }, 9.9999999999999995E-07], "Outputs" : [true], "Name" : "" }, { "_t" : "BH.oM.Test.UnitTests.TestData", "BHoM_Guid" : "321ea878-c484-4e17-b34d-5b50afa0c86a", "Inputs" : [{ "_t" : "BH.oM.Geometry.TransformMatrix", "Matrix" : [[0.99997141433512848, -0.0075611184756461088, 0.0, 3.5681805408911322], [0.0075611184756461088, 0.99997141433512848, 0.0, 3.1853850998852837], [0.0, 0.0, 1.0, 1.8791229193467287], [0.0, 0.0, 0.0, 1.0]] }, 9.9999999999999995E-07], "Outputs" : [true], "Name" : "" }, { "_t" : "BH.oM.Test.UnitTests.TestData", "BHoM_Guid" : "42691d62-673f-4b54-8f74-b66fc6a0c6fb", "Inputs" : [{ "_t" : "BH.oM.Geometry.TransformMatrix", "Matrix" : [[0.87273356398233692, -0.48819681102879831, 0.0, 4.3909938783501854], [0.48819681102879831, 0.87273356398233692, 0.0, 3.2282355089065096], [0.0, 0.0, 1.0, 0.03692646233221817], [0.0, 0.0, 0.0, 1.0]] }, 9.9999999999999995E-07], "Outputs" : [true], "Name" : "" }, { "_t" : "BH.oM.Test.UnitTests.TestData", "BHoM_Guid" : "0194cdc0-f501-4d77-a49c-248e7c2a9d00", "Inputs" : [{ "_t" : "BH.oM.Geometry.TransformMatrix", "Matrix" : [[0.92788552554331727, -0.3728651921099661, 0.0, 7.0347498378753262], [0.3728651921099661, 0.92788552554331727, 0.0, 11.634704884057252], [0.0, 0.0, 1.0, 0.29734108517753943], [0.0, 0.0, 0.0, 1.0]] }, 9.9999999999999995E-07], "Outputs" : [true], "Name" : "" }, { "_t" : "BH.oM.Test.UnitTests.TestData", "BHoM_Guid" : "e4c8c2d8-c597-4e8c-be46-b70049d401d2", "Inputs" : [{ "_t" : "BH.oM.Geometry.TransformMatrix", "Matrix" : [[0.9612186564090156, -0.27578740828987619, 0.0, 6.6829848327323296], [0.27578740828987619, 0.9612186564090156, 0.0, 5.3991742313716236], [0.0, 0.0, 1.0, 1.0743490313526005], [0.0, 0.0, 0.0, 1.0]] }, 9.9999999999999995E-07], "Outputs" : [true], "Name" : "" }, { "_t" : "BH.oM.Test.UnitTests.TestData", "BHoM_Guid" : "39523d7b-95cd-4d0d-a829-c852822b79da", "Inputs" : [{ "_t" : "BH.oM.Geometry.TransformMatrix", "Matrix" : [[0.76284900939606426, -0.64657666897549237, 0.0, 9.4001632866114413], [0.64657666897549237, 0.76284900939606426, 0.0, 0.13466983268851873], [0.0, 0.0, 1.0, 0.46026501174097184], [0.0, 0.0, 0.0, 1.0]] }, 9.9999999999999995E-07], "Outputs" : [true], "Name" : "" }, { "_t" : "BH.oM.Test.UnitTests.TestData", "BHoM_Guid" : "e1095b5e-d0ce-4eab-aba2-c2e8bbef6e9f", "Inputs" : [{ "_t" : "BH.oM.Geometry.TransformMatrix", "Matrix" : [[0.97243378116541701, -0.23317920415064877, 0.0, 6.979216054436689], [0.23317920415064877, 0.97243378116541701, 0.0, 3.1317717019532756], [0.0, 0.0, 1.0, 1.8458406598520654], [0.0, 0.0, 0.0, 1.0]] }, 9.9999999999999995E-07], "Outputs" : [true], "Name" : "" }, { "_t" : "BH.oM.Test.UnitTests.TestData", "BHoM_Guid" : "46749eab-7bf8-4c31-b601-84be119bb365", "Inputs" : [{ "_t" : "BH.oM.Geometry.TransformMatrix", "Matrix" : [[0.74429220193056234, -0.66785411441822751, 0.0, 2.3380133516452473], [0.66785411441822751, 0.74429220193056234, 0.0, 10.605720793883117], [0.0, 0.0, 1.0, 0.83520669249594526], [0.0, 0.0, 0.0, 1.0]] }, 9.9999999999999995E-07], "Outputs" : [true], "Name" : "" }, { "_t" : "BH.oM.Test.UnitTests.TestData", "BHoM_Guid" : "30596041-637c-4354-9719-e701fd053334", "Inputs" : [{ "_t" : "BH.oM.Geometry.TransformMatrix", "Matrix" : [[0.99604197510466785, -0.088884103357081079, 0.0, 5.4072124744351218], [0.088884103357081079, 0.99604197510466785, 0.0, 8.784123153432251], [0.0, 0.0, 1.0, 1.7624839189287667], [0.0, 0.0, 0.0, 1.0]] }, 9.9999999999999995E-07], "Outputs" : [true], "Name" : "" }, { "_t" : "BH.oM.Test.UnitTests.TestData", "BHoM_Guid" : "31ecd17a-ec19-4de9-bffb-1b03ef1d4391", "Inputs" : [{ "_t" : "BH.oM.Geometry.TransformMatrix", "Matrix" : [[0.9965865163768507, -0.082554923389541457, 0.0, 3.0566349173378904], [0.082554923389541457, 0.9965865163768507, 0.0, 9.6978626901932756], [0.0, 0.0, 1.0, 1.9450378231448298], [0.0, 0.0, 0.0, 1.0]] }, 9.9999999999999995E-07], "Outputs" : [true], "Name" : "" }, { "_t" : "BH.oM.Test.UnitTests.TestData", "BHoM_Guid" : "93f4ac76-bb9d-47cc-9cd7-f4f3d6591255", "Inputs" : [{ "_t" : "BH.oM.Geometry.TransformMatrix", "Matrix" : [[0.94317903596158781, -0.33228497727488354, 0.0, 1.9211013769802583], [0.33228497727488354, 0.94317903596158781, 0.0, 3.6499550371021083], [0.0, 0.0, 1.0, 1.3778785678455041], [0.0, 0.0, 0.0, 1.0]] }, 9.9999999999999995E-07], "Outputs" : [true], "Name" : "" }, { "_t" : "BH.oM.Test.UnitTests.TestData", "BHoM_Guid" : "204097e4-9287-480d-abbc-cf556269df5b", "Inputs" : [{ "_t" : "BH.oM.Geometry.TransformMatrix", "Matrix" : [[0.94607079213389433, -0.32395996090743334, 0.0, 0.018304311999495448], [0.32395996090743334, 0.94607079213389433, 0.0, 6.1148528500053843], [0.0, 0.0, 1.0, 1.9936536028951657], [0.0, 0.0, 0.0, 1.0]] }, 9.9999999999999995E-07], "Outputs" : [true], "Name" : "" }, { "_t" : "BH.oM.Test.UnitTests.TestData", "BHoM_Guid" : "f263c447-79e7-472b-959e-f3d3f6ba0ee1", "Inputs" : [{ "_t" : "BH.oM.Geometry.TransformMatrix", "Matrix" : [[0.74429551773735692, -0.66785041908804677, 0.0, 4.1986795520426492], [0.66785041908804677, 0.74429551773735692, 0.0, 1.7255474432626787], [0.0, 0.0, 1.0, 0.49681777437069352], [0.0, 0.0, 0.0, 1.0]] }, 9.9999999999999995E-07], "Outputs" : [true], "Name" : "" }, { "_t" : "BH.oM.Test.UnitTests.TestData", "BHoM_Guid" : "a9960632-6c56-4831-a0d9-8f22753f282e", "Inputs" : [{ "_t" : "BH.oM.Geometry.TransformMatrix", "Matrix" : [[0.624774672504391, -0.78080510282466198, 0.0, 4.2772644520627585], [0.78080510282466198, 0.624774672504391, 0.0, 6.8230612680028457], [0.0, 0.0, 1.0, 1.7992203309197075], [0.0, 0.0, 0.0, 1.0]] }, 9.9999999999999995E-07], "Outputs" : [true], "Name" : "" }, { "_t" : "BH.oM.Test.UnitTests.TestData", "BHoM_Guid" : "eaddc563-efb3-4240-b343-fa5ba6decbc7", "Inputs" : [{ "_t" : "BH.oM.Geometry.TransformMatrix", "Matrix" : [[0.68757653441552113, -0.72611191239446116, 0.0, 0.78949094844392764], [0.72611191239446116, 0.68757653441552113, 0.0, 10.486717982731237], [0.0, 0.0, 1.0, 0.17639069081116035], [0.0, 0.0, 0.0, 1.0]] }, 9.9999999999999995E-07], "Outputs" : [true], "Name" : "" }, { "_t" : "BH.oM.Test.UnitTests.TestData", "BHoM_Guid" : "ff6797a9-8a5b-4a22-a09b-472d4ca8c662", "Inputs" : [{ "_t" : "BH.oM.Geometry.TransformMatrix", "Matrix" : [[0.79393123443109392, -0.60800756162626746, 0.0, 10.836880026385156], [0.60800756162626746, 0.79393123443109392, 0.0, 3.7434257890267553], [0.0, 0.0, 1.0, 1.9690852872883366], [0.0, 0.0, 0.0, 1.0]] }, 9.9999999999999995E-07], "Outputs" : [true], "Name" : "" }, { "_t" : "BH.oM.Test.UnitTests.TestData", "BHoM_Guid" : "d58c1c88-792e-47d6-bf5d-ebb814261208", "Inputs" : [{ "_t" : "BH.oM.Geometry.TransformMatrix", "Matrix" : [[0.60036714967002913, -0.79972450606260959, 0.0, 8.4034525342719597], [0.79972450606260959, 0.60036714967002913, 0.0, 3.0969917644222398], [0.0, 0.0, 1.0, 0.0044331448173304758], [0.0, 0.0, 0.0, 1.0]] }, 9.9999999999999995E-07], "Outputs" : [true], "Name" : "" }, { "_t" : "BH.oM.Test.UnitTests.TestData", "BHoM_Guid" : "4342c232-2ae0-4290-bedd-b1cabadec080", "Inputs" : [{ "_t" : "BH.oM.Geometry.TransformMatrix", "Matrix" : [[0.99507960999926848, -0.09907860396525478, 0.0, 4.0499171527281925], [0.09907860396525478, 0.99507960999926848, 0.0, 5.4466341571457928], [0.0, 0.0, 1.0, 1.6872521451149378], [0.0, 0.0, 0.0, 1.0]] }, 9.9999999999999995E-07], "Outputs" : [true], "Name" : "" }, { "_t" : "BH.oM.Test.UnitTests.TestData", "BHoM_Guid" : "c0c01a15-32df-4497-9d3d-4169043f1c09", "Inputs" : [{ "_t" : "BH.oM.Geometry.TransformMatrix", "Matrix" : [[0.77008041537151206, -0.63794682682903869, 0.0, 4.5526761538956233], [0.63794682682903869, 0.77008041537151206, 0.0, 2.7783052157727779], [0.0, 0.0, 1.0, 1.9840892050341188], [0.0, 0.0, 0.0, 1.0]] }, 9.9999999999999995E-07], "Outputs" : [true], "Name" : "" }, { "_t" : "BH.oM.Test.UnitTests.TestData", "BHoM_Guid" : "762a985b-c588-44b6-9b66-4b95267d7169", "Inputs" : [{ "_t" : "BH.oM.Geometry.TransformMatrix", "Matrix" : [[0.60145113920123916, -0.79890958634474507, 0.0, 10.776222050178204], [0.79890958634474507, 0.60145113920123916, 0.0, -0.35846684657482886], [0.0, 0.0, 1.0, 0.29253122969182732], [0.0, 0.0, 0.0, 1.0]] }, 9.9999999999999995E-07], "Outputs" : [true], "Name" : "" }, { "_t" : "BH.oM.Test.UnitTests.TestData", "BHoM_Guid" : "81cb4c2d-b6e6-46bf-8685-58a5def94cf1", "Inputs" : [{ "_t" : "BH.oM.Geometry.TransformMatrix", "Matrix" : [[0.55690558275533997, -0.8305758074347791, 0.0, 5.9671342123938853], [0.8305758074347791, 0.55690558275533997, 0.0, 0.53098900607195754], [0.0, 0.0, 1.0, 0.35026999486157206], [0.0, 0.0, 0.0, 1.0]] }, 9.9999999999999995E-07], "Outputs" : [true], "Name" : "" }, { "_t" : "BH.oM.Test.UnitTests.TestData", "BHoM_Guid" : "9d3739c0-01de-4b2e-bdd9-4213d8b0cece", "Inputs" : [{ "_t" : "BH.oM.Geometry.TransformMatrix", "Matrix" : [[0.99486141910081372, -0.10124602108090548, 0.0, 9.7124252960090605], [0.10124602108090548, 0.99486141910081372, 0.0, 5.3167832006509581], [0.0, 0.0, 1.0, 1.8498578480677017], [0.0, 0.0, 0.0, 1.0]] }, 9.9999999999999995E-07], "Outputs" : [true], "Name" : "" }, { "_t" : "BH.oM.Test.UnitTests.TestData", "BHoM_Guid" : "1721b8a0-6660-49e9-a6c4-6b7c4dd5faec", "Inputs" : [{ "_t" : "BH.oM.Geometry.TransformMatrix", "Matrix" : [[0.99925182768887577, -0.038675377961194607, 0.0, 9.3702709600595071], [0.038675377961194607, 0.99925182768887577, 0.0, 9.679576530728248], [0.0, 0.0, 1.0, 1.9327707010939581], [0.0, 0.0, 0.0, 1.0]] }, 9.9999999999999995E-07], "Outputs" : [true], "Name" : "" }, { "_t" : "BH.oM.Test.UnitTests.TestData", "BHoM_Guid" : "57415e87-0d10-4084-9bd8-68ce35258b90", "Inputs" : [{ "_t" : "BH.oM.Geometry.TransformMatrix", "Matrix" : [[0.94240240570091705, -0.33448124869583379, 0.0, 5.7181954555732055], [0.33448124869583379, 0.94240240570091705, 0.0, 1.9384570035710502], [0.0, 0.0, 1.0, 1.9076927545981914], [0.0, 0.0, 0.0, 1.0]] }, 9.9999999999999995E-07], "Outputs" : [true], "Name" : "" }, { "_t" : "BH.oM.Test.UnitTests.TestData", "BHoM_Guid" : "d5f19203-e92b-43f8-b4f7-fca42481c70d", "Inputs" : [{ "_t" : "BH.oM.Geometry.TransformMatrix", "Matrix" : [[0.66025384833279965, -0.75104251261944455, 0.0, 0.33987133279261039], [0.75104251261944455, 0.66025384833279965, 0.0, 5.5062600630287548], [0.0, 0.0, 1.0, 1.9896479705300405], [0.0, 0.0, 0.0, 1.0]] }, 9.9999999999999995E-07], "Outputs" : [true], "Name" : "" }, { "_t" : "BH.oM.Test.UnitTests.TestData", "BHoM_Guid" : "7fbdb861-7c6f-4e5b-8610-3564e38999bf", "Inputs" : [{ "_t" : "BH.oM.Geometry.TransformMatrix", "Matrix" : [[0.7730932273147052, -0.63429241039140105, 0.0, 11.303740680877388], [0.63429241039140105, 0.7730932273147052, 0.0, 5.0805021480876036], [0.0, 0.0, 1.0, 1.5622578680339538], [0.0, 0.0, 0.0, 1.0]] }, 9.9999999999999995E-07], "Outputs" : [true], "Name" : "" }, { "_t" : "BH.oM.Test.UnitTests.TestData", "BHoM_Guid" : "ab638fe1-7111-490c-815c-294682b76c65", "Inputs" : [{ "_t" : "BH.oM.Geometry.TransformMatrix", "Matrix" : [[0.7357640553497945, -0.67723796028812833, 0.0, -2.1673606579795015], [0.67723796028812833, 0.7357640553497945, 0.0, 4.4139148771831094], [0.0, 0.0, 1.0, 0.60541529981671616], [0.0, 0.0, 0.0, 1.0]] }, 9.9999999999999995E-07], "Outputs" : [true], "Name" : "" }, { "_t" : "BH.oM.Test.UnitTests.TestData", "BHoM_Guid" : "042c1e53-c674-4c17-9ed9-b308ccc63a59", "Inputs" : [{ "_t" : "BH.oM.Geometry.TransformMatrix", "Matrix" : [[0.77401039241941316, -0.63317289299743873, 0.0, -1.0007990979542509], [0.63317289299743873, 0.77401039241941316, 0.0, 11.149104378401328], [0.0, 0.0, 1.0, 1.651892777370239], [0.0, 0.0, 0.0, 1.0]] }, 9.9999999999999995E-07], "Outputs" : [true], "Name" : "" }, { "_t" : "BH.oM.Test.UnitTests.TestData", "BHoM_Guid" : "3c930c9a-6ba4-4614-8430-c13efcf384fb", "Inputs" : [{ "_t" : "BH.oM.Geometry.TransformMatrix", "Matrix" : [[0.99567291930461044, -0.092927056143163753, 0.0, 1.8810560244595673], [0.092927056143163753, 0.99567291930461044, 0.0, 7.8136352478351556], [0.0, 0.0, 1.0, 0.0044228723293276845], [0.0, 0.0, 0.0, 1.0]] }, 9.9999999999999995E-07], "Outputs" : [true], "Name" : "" }, { "_t" : "BH.oM.Test.UnitTests.TestData", "BHoM_Guid" : "52d23c87-0029-4b3d-860d-d0e541b222be", "Inputs" : [{ "_t" : "BH.oM.Geometry.TransformMatrix", "Matrix" : [[0.99917913239758038, -0.04051001581360595, 0.0, 7.5672817069528842], [0.04051001581360595, 0.99917913239758038, 0.0, 4.3630467306502414], [0.0, 0.0, 1.0, 1.3591984656449401], [0.0, 0.0, 0.0, 1.0]] }, 9.9999999999999995E-07], "Outputs" : [true], "Name" : "" }, { "_t" : "BH.oM.Test.UnitTests.TestData", "BHoM_Guid" : "2e37d08a-cc4f-467b-9b4a-b06354f722c7", "Inputs" : [{ "_t" : "BH.oM.Geometry.TransformMatrix", "Matrix" : [[0.96333747664414804, -0.26829257554558888, 0.0, 6.522049789957661], [0.26829257554558888, 0.96333747664414804, 0.0, 8.2826978200862733], [0.0, 0.0, 1.0, 0.040257382225365089], [0.0, 0.0, 0.0, 1.0]] }, 9.9999999999999995E-07], "Outputs" : [true], "Name" : "" }, { "_t" : "BH.oM.Test.UnitTests.TestData", "BHoM_Guid" : "eab81a93-f43d-4d78-a5f6-0c1af92861ea", "Inputs" : [{ "_t" : "BH.oM.Geometry.TransformMatrix", "Matrix" : [[0.96554907095655873, -0.26022104368195575, 0.0, 4.2764742499618356], [0.26022104368195575, 0.96554907095655873, 0.0, 8.7452590963731041], [0.0, 0.0, 1.0, 0.35757149772605462], [0.0, 0.0, 0.0, 1.0]] }, 9.9999999999999995E-07], "Outputs" : [true], "Name" : "" }, { "_t" : "BH.oM.Test.UnitTests.TestData", "BHoM_Guid" : "35e2f1f1-51fa-4847-ae9e-9b0b568a3134", "Inputs" : [{ "_t" : "BH.oM.Geometry.TransformMatrix", "Matrix" : [[0.87768826110715847, -0.47923200677197297, 0.0, 11.4459138136753], [0.47923200677197297, 0.87768826110715847, 0.0, 6.4804845752228406], [0.0, 0.0, 1.0, 1.9763191472628709], [0.0, 0.0, 0.0, 1.0]] }, 9.9999999999999995E-07], "Outputs" : [true], "Name" : "" }, { "_t" : "BH.oM.Test.UnitTests.TestData", "BHoM_Guid" : "244ecae3-0f77-484c-9f61-867f1d218397", "Inputs" : [{ "_t" : "BH.oM.Geometry.TransformMatrix", "Matrix" : [[0.57223322669684284, -0.82009093048522352, 0.0, 11.928908848078947], [0.82009093048522352, 0.57223322669684284, 0.0, 9.9227558725635081], [0.0, 0.0, 1.0, 0.19274323815141955], [0.0, 0.0, 0.0, 1.0]] }, 9.9999999999999995E-07], "Outputs" : [true], "Name" : "" }, { "_t" : "BH.oM.Test.UnitTests.TestData", "BHoM_Guid" : "2fd4aa7a-4414-4992-a9e2-4f5137734955", "Inputs" : [{ "_t" : "BH.oM.Geometry.TransformMatrix", "Matrix" : [[0.84934907440484897, -0.52783155438797558, 0.0, 1.9462417467726127], [0.52783155438797558, 0.84934907440484897, 0.0, 10.571985714769077], [0.0, 0.0, 1.0, 0.036799282784014606], [0.0, 0.0, 0.0, 1.0]] }, 9.9999999999999995E-07], "Outputs" : [true], "Name" : "" }, { "_t" : "BH.oM.Test.UnitTests.TestData", "BHoM_Guid" : "0140bac9-54f3-41d5-bb0d-664591652dae", "Inputs" : [{ "_t" : "BH.oM.Geometry.TransformMatrix", "Matrix" : [[0.9998450710538459, -0.017602099003525263, 0.0, 0.14481189030146849], [0.017602099003525263, 0.9998450710538459, 0.0, 9.3123176572984132], [0.0, 0.0, 1.0, 0.12726415513421602], [0.0, 0.0, 0.0, 1.0]] }, 9.9999999999999995E-07], "Outputs" : [true], "Name" : "" }, { "_t" : "BH.oM.Test.UnitTests.TestData", "BHoM_Guid" : "5f9454eb-6b5d-4ba5-88cb-980797548904", "Inputs" : [{ "_t" : "BH.oM.Geometry.TransformMatrix", "Matrix" : [[0.88301876074704899, -0.46933769097393591, 0.0, 8.5336241739824583], [0.46933769097393591, 0.88301876074704899, 0.0, 6.0623460594755674], [0.0, 0.0, 1.0, 1.6169812956903975], [0.0, 0.0, 0.0, 1.0]] }, 9.9999999999999995E-07], "Outputs" : [true], "Name" : "" }, { "_t" : "BH.oM.Test.UnitTests.TestData", "BHoM_Guid" : "f26d17d2-54da-44b7-bed6-31d26babd0a1", "Inputs" : [{ "_t" : "BH.oM.Geometry.TransformMatrix", "Matrix" : [[0.94201453231112786, -0.33557208005828959, 0.0, 3.4992512402992282], [0.33557208005828959, 0.94201453231112786, 0.0, 4.1944626379579821], [0.0, 0.0, 1.0, 0.44252763057245298], [0.0, 0.0, 0.0, 1.0]] }, 9.9999999999999995E-07], "Outputs" : [true], "Name" : "" }, { "_t" : "BH.oM.Test.UnitTests.TestData", "BHoM_Guid" : "7021d5b9-9d9f-4409-bbe7-a1041754fc2d", "Inputs" : [{ "_t" : "BH.oM.Geometry.TransformMatrix", "Matrix" : [[0.88437010161677798, -0.46678637872835349, 0.0, 2.8022159929357029], [0.46678637872835349, 0.88437010161677798, 0.0, -2.2110868031395623], [0.0, 0.0, 1.0, 0.83934540526910939], [0.0, 0.0, 0.0, 1.0]] }, 9.9999999999999995E-07], "Outputs" : [true], "Name" : "" }, { "_t" : "BH.oM.Test.UnitTests.TestData", "BHoM_Guid" : "fc67ed9f-0eb2-43f7-a98d-57fe1f29882c", "Inputs" : [{ "_t" : "BH.oM.Geometry.TransformMatrix", "Matrix" : [[0.80064100023076856, -0.59914438055403185, 0.0, 5.0430741440097782], [0.59914438055403185, 0.80064100023076856, 0.0, -0.86166514173784581], [0.0, 0.0, 1.0, 1.8272507897705077], [0.0, 0.0, 0.0, 1.0]] }, 9.9999999999999995E-07], "Outputs" : [true], "Name" : "" }, { "_t" : "BH.oM.Test.UnitTests.TestData", "BHoM_Guid" : "205d5316-a6c3-4200-987f-b493e90c56ce", "Inputs" : [{ "_t" : "BH.oM.Geometry.TransformMatrix", "Matrix" : [[0.81380422796897156, -0.58113912150175029, 0.0, 1.6648532470254551], [0.58113912150175029, 0.81380422796897156, 0.0, 8.4652686286045586], [0.0, 0.0, 1.0, 1.2507694285599373], [0.0, 0.0, 0.0, 1.0]] }, 9.9999999999999995E-07], "Outputs" : [true], "Name" : "" }, { "_t" : "BH.oM.Test.UnitTests.TestData", "BHoM_Guid" : "8b4f5349-912c-4fae-8d65-4b685c10916b", "Inputs" : [{ "_t" : "BH.oM.Geometry.TransformMatrix", "Matrix" : [[0.99731143608361461, -0.073279597821209352, 0.0, 6.1677556238660891], [0.073279597821209352, 0.99731143608361461, 0.0, 1.5950819622459891], [0.0, 0.0, 1.0, 1.2985429341432373], [0.0, 0.0, 0.0, 1.0]] }, 9.9999999999999995E-07], "Outputs" : [true], "Name" : "" }, { "_t" : "BH.oM.Test.UnitTests.TestData", "BHoM_Guid" : "35ebfb5e-0d5f-44b3-8de7-7e9aa0c61814", "Inputs" : [{ "_t" : "BH.oM.Geometry.TransformMatrix", "Matrix" : [[0.6251896088413339, -0.78047290343535947, 0.0, 4.2306851627445088], [0.78047290343535947, 0.6251896088413339, 0.0, 6.6838347511075487], [0.0, 0.0, 1.0, 0.99201804352552536], [0.0, 0.0, 0.0, 1.0]] }, 9.9999999999999995E-07], "Outputs" : [true], "Name" : "" }, { "_t" : "BH.oM.Test.UnitTests.TestData", "BHoM_Guid" : "c5b860c1-9685-4772-ae7b-93349a4fdb97", "Inputs" : [{ "_t" : "BH.oM.Geometry.TransformMatrix", "Matrix" : [[0.82793950449054343, -0.56081741850976186, 0.0, 7.9208501166203149], [0.56081741850976186, 0.82793950449054343, 0.0, 4.8513206506269784], [0.0, 0.0, 1.0, 1.4379147027795738], [0.0, 0.0, 0.0, 1.0]] }, 9.9999999999999995E-07], "Outputs" : [true], "Name" : "" }, { "_t" : "BH.oM.Test.UnitTests.TestData", "BHoM_Guid" : "9de42448-551e-4d8c-87d6-fcac28cea7b1", "Inputs" : [{ "_t" : "BH.oM.Geometry.TransformMatrix", "Matrix" : [[0.90797575030063737, -0.41902271640806621, 0.0, 1.3850497994101953], [0.41902271640806621, 0.90797575030063737, 0.0, 0.055395415011013416], [0.0, 0.0, 1.0, 0.74770744831660174], [0.0, 0.0, 0.0, 1.0]] }, 9.9999999999999995E-07], "Outputs" : [true], "Name" : "" }, { "_t" : "BH.oM.Test.UnitTests.TestData", "BHoM_Guid" : "acb28f7f-d67e-42c9-b094-886227673382", "Inputs" : [{ "_t" : "BH.oM.Geometry.TransformMatrix", "Matrix" : [[0.99724470535139642, -0.074182192260720231, 0.0, 7.5772116227138548], [0.074182192260720231, 0.99724470535139642, 0.0, 8.9355408015122233], [0.0, 0.0, 1.0, 0.26417143096410273], [0.0, 0.0, 0.0, 1.0]] }, 9.9999999999999995E-07], "Outputs" : [true], "Name" : "" }, { "_t" : "BH.oM.Test.UnitTests.TestData", "BHoM_Guid" : "16c19b6d-9db8-45d3-bc72-01efe3f8084c", "Inputs" : [{ "_t" : "BH.oM.Geometry.TransformMatrix", "Matrix" : [[0.90700412567967659, -0.42112173536881869, 0.0, 1.6973525540318928], [0.42112173536881869, 0.90700412567967659, 0.0, 6.8100880282605711], [0.0, 0.0, 1.0, 0.62150432570907488], [0.0, 0.0, 0.0, 1.0]] }, 9.9999999999999995E-07], "Outputs" : [true], "Name" : "" }, { "_t" : "BH.oM.Test.UnitTests.TestData", "BHoM_Guid" : "406f5dca-3ca9-4978-be20-23f413844c31", "Inputs" : [{ "_t" : "BH.oM.Geometry.TransformMatrix", "Matrix" : [[0.9960337860731554, -0.088975822563074999, 0.0, 6.8993787370861233], [0.088975822563074999, 0.9960337860731554, 0.0, 2.6179261848019695], [0.0, 0.0, 1.0, 1.8418529135369943], [0.0, 0.0, 0.0, 1.0]] }, 9.9999999999999995E-07], "Outputs" : [true], "Name" : "" }, { "_t" : "BH.oM.Test.UnitTests.TestData", "BHoM_Guid" : "eba50958-4934-4989-b704-20291f7300df", "Inputs" : [{ "_t" : "BH.oM.Geometry.TransformMatrix", "Matrix" : [[0.95640746637291463, -0.29203554281310018, 0.0, 0.79473732918311646], [0.29203554281310018, 0.95640746637291463, 0.0, 0.91051935495339764], [0.0, 0.0, 1.0, 1.9755207337325069], [0.0, 0.0, 0.0, 1.0]] }, 9.9999999999999995E-07], "Outputs" : [true], "Name" : "" }, { "_t" : "BH.oM.Test.UnitTests.TestData", "BHoM_Guid" : "68c415f9-21f1-4b2d-9373-fecb3fbeee03", "Inputs" : [{ "_t" : "BH.oM.Geometry.TransformMatrix", "Matrix" : [[0.79418456173874019, -0.60767662608976925, 0.0, 5.6092089278141692], [0.60767662608976925, 0.79418456173874019, 0.0, 9.4784664108580401], [0.0, 0.0, 1.0, 0.017812492334196572], [0.0, 0.0, 0.0, 1.0]] }, 9.9999999999999995E-07], "Outputs" : [true], "Name" : "" }, { "_t" : "BH.oM.Test.UnitTests.TestData", "BHoM_Guid" : "da719f34-8c72-451a-8f74-ccca52c45761", "Inputs" : [{ "_t" : "BH.oM.Geometry.TransformMatrix", "Matrix" : [[0.64076329624712691, -0.76773849596234045, 0.0, 11.095513390713702], [0.76773849596234045, 0.64076329624712691, 0.0, 2.4974077259845151], [0.0, 0.0, 1.0, 0.028333373380980163], [0.0, 0.0, 0.0, 1.0]] }, 9.9999999999999995E-07], "Outputs" : [true], "Name" : "" }, { "_t" : "BH.oM.Test.UnitTests.TestData", "BHoM_Guid" : "492bf96d-34b5-496f-b340-0cc00a88e7d1", "Inputs" : [{ "_t" : "BH.oM.Geometry.TransformMatrix", "Matrix" : [[0.94063321896484642, -0.33942473006519602, 0.0, 7.6882393756123211], [0.33942473006519602, 0.94063321896484642, 0.0, 10.279372055913493], [0.0, 0.0, 1.0, 1.4072379197027711], [0.0, 0.0, 0.0, 1.0]] }, 9.9999999999999995E-07], "Outputs" : [true], "Name" : "" }, { "_t" : "BH.oM.Test.UnitTests.TestData", "BHoM_Guid" : "16d8d7b2-b5fc-45ba-8bf8-a74ee893ec45", "Inputs" : [{ "_t" : "BH.oM.Geometry.TransformMatrix", "Matrix" : [[0.86120831800556619, -0.50825213526164714, 0.0, 3.0395296359769151], [0.50825213526164714, 0.86120831800556619, 0.0, -0.20108174730098805], [0.0, 0.0, 1.0, 0.36523986345401027], [0.0, 0.0, 0.0, 1.0]] }, 9.9999999999999995E-07], "Outputs" : [true], "Name" : "" }, { "_t" : "BH.oM.Test.UnitTests.TestData", "BHoM_Guid" : "685a6003-95a8-46bb-b424-f76a9141a13c", "Inputs" : [{ "_t" : "BH.oM.Geometry.TransformMatrix", "Matrix" : [[0.9963277252139302, -0.085621632605522788, 0.0, 2.7654250666435347], [0.085621632605522788, 0.9963277252139302, 0.0, 7.3518867111653652], [0.0, 0.0, 1.0, 1.5149982643849209], [0.0, 0.0, 0.0, 1.0]] }, 9.9999999999999995E-07], "Outputs" : [true], "Name" : "" }, { "_t" : "BH.oM.Test.UnitTests.TestData", "BHoM_Guid" : "3b8d03aa-d1c7-4824-b693-d11220a7150c", "Inputs" : [{ "_t" : "BH.oM.Geometry.TransformMatrix", "Matrix" : [[0.70722814719915716, -0.70698539433940732, 0.0, -0.050247893182767234], [0.70698539433940732, 0.70722814719915716, 0.0, 3.1462019510639245], [0.0, 0.0, 1.0, 0.16300765711954221], [0.0, 0.0, 0.0, 1.0]] }, 9.9999999999999995E-07], "Outputs" : [true], "Name" : "" }, { "_t" : "BH.oM.Test.UnitTests.TestData", "BHoM_Guid" : "feed2e5c-2eb2-47d1-848c-ed3853fe7f53", "Inputs" : [{ "_t" : "BH.oM.Geometry.TransformMatrix", "Matrix" : [[0.59997714047961925, -0.80001714412998626, 0.0, 6.2294968681987264], [0.80001714412998626, 0.59997714047961925, 0.0, 2.0547968372936474], [0.0, 0.0, 1.0, 1.9238293571042966], [0.0, 0.0, 0.0, 1.0]] }, 9.9999999999999995E-07], "Outputs" : [true], "Name" : "" }, { "_t" : "BH.oM.Test.UnitTests.TestData", "BHoM_Guid" : "c2fa29c8-866c-4d74-933c-305c903f1512", "Inputs" : [{ "_t" : "BH.oM.Geometry.TransformMatrix", "Matrix" : [[0.56622620991390937, -0.8242498888119606, 0.0, 4.070884783112338], [0.8242498888119606, 0.56622620991390937, 0.0, 12.619316348896817], [0.0, 0.0, 1.0, 0.25947200798404962], [0.0, 0.0, 0.0, 1.0]] }, 9.9999999999999995E-07], "Outputs" : [true], "Name" : "" }, { "_t" : "BH.oM.Test.UnitTests.TestData", "BHoM_Guid" : "5ca5cc75-4d75-4b5c-a9c6-25566df05167", "Inputs" : [{ "_t" : "BH.oM.Geometry.TransformMatrix", "Matrix" : [[0.985758889195126, -0.16816483690947806, 0.0, 8.5092833708987978], [0.16816483690947806, 0.985758889195126, 0.0, 1.2046570938140144], [0.0, 0.0, 1.0, 0.093888014598697431], [0.0, 0.0, 0.0, 1.0]] }, 9.9999999999999995E-07], "Outputs" : [true], "Name" : "" }, { "_t" : "BH.oM.Test.UnitTests.TestData", "BHoM_Guid" : "2eeac20f-f296-40b6-8600-8afcb691b0d9", "Inputs" : [{ "_t" : "BH.oM.Geometry.TransformMatrix", "Matrix" : [[0.86156320300589095, -0.5076503198326876, 0.0, 3.9089366151500027], [0.5076503198326876, 0.86156320300589095, 0.0, 1.8146242365539256], [0.0, 0.0, 1.0, 0.44848518001310766], [0.0, 0.0, 0.0, 1.0]] }, 9.9999999999999995E-07], "Outputs" : [true], "Name" : "" }, { "_t" : "BH.oM.Test.UnitTests.TestData", "BHoM_Guid" : "b22cc8f8-b16f-4dbc-bec2-1e5114ee8689", "Inputs" : [{ "_t" : "BH.oM.Geometry.TransformMatrix", "Matrix" : [[0.82964998767607701, -0.55828388652108285, 0.0, 2.7962471955564157], [0.55828388652108285, 0.82964998767607701, 0.0, 5.2293448176432893], [0.0, 0.0, 1.0, 1.9533266322469929], [0.0, 0.0, 0.0, 1.0]] }, 9.9999999999999995E-07], "Outputs" : [true], "Name" : "" }, { "_t" : "BH.oM.Test.UnitTests.TestData", "BHoM_Guid" : "89f1a500-735e-4f72-b60b-8c04cd12ddbe", "Inputs" : [{ "_t" : "BH.oM.Geometry.TransformMatrix", "Matrix" : [[0.57426836363189748, -0.81866711582397322, 0.0, 10.695297286223276], [0.81866711582397322, 0.57426836363189748, 0.0, 3.9112723177451478], [0.0, 0.0, 1.0, 0.32325984273257657], [0.0, 0.0, 0.0, 1.0]] }, 9.9999999999999995E-07], "Outputs" : [true], "Name" : "" }, { "_t" : "BH.oM.Test.UnitTests.TestData", "BHoM_Guid" : "6d38ed7f-1de5-4e83-a53f-39a6d20206d5", "Inputs" : [{ "_t" : "BH.oM.Geometry.TransformMatrix", "Matrix" : [[0.85268125185177202, -0.52243151009533773, 0.0, 5.1804208627019523], [0.52243151009533773, 0.85268125185177202, 0.0, 0.93633200649282822], [0.0, 0.0, 1.0, 1.9578376756784681], [0.0, 0.0, 0.0, 1.0]] }, 9.9999999999999995E-07], "Outputs" : [true], "Name" : "" }, { "_t" : "BH.oM.Test.UnitTests.TestData", "BHoM_Guid" : "bb2d60ad-3ba8-42b1-85c7-7a0b0cb0acda", "Inputs" : [{ "_t" : "BH.oM.Geometry.TransformMatrix", "Matrix" : [[0.80313330629784518, -0.5957993725366717, 0.0, 2.8910872483926084], [0.5957993725366717, 0.80313330629784518, 0.0, 2.8464938347305324], [0.0, 0.0, 1.0, 1.8049011583462828], [0.0, 0.0, 0.0, 1.0]] }, 9.9999999999999995E-07], "Outputs" : [true], "Name" : "" }, { "_t" : "BH.oM.Test.UnitTests.TestData", "BHoM_Guid" : "1d7e82d4-c4b5-4bc6-8c0e-3431037d23c3", "Inputs" : [{ "_t" : "BH.oM.Geometry.TransformMatrix", "Matrix" : [[0.99882505294922785, -0.048461465113759719, 0.0, 10.079136403460639], [0.048461465113759719, 0.99882505294922785, 0.0, 2.5249044600123209], [0.0, 0.0, 1.0, 0.8961783232615228], [0.0, 0.0, 0.0, 1.0]] }, 9.9999999999999995E-07], "Outputs" : [true], "Name" : "" }, { "_t" : "BH.oM.Test.UnitTests.TestData", "BHoM_Guid" : "f9e6c90c-0a93-4970-b8c4-ee55db29ad06", "Inputs" : [{ "_t" : "BH.oM.Geometry.TransformMatrix", "Matrix" : [[0.68875292331658944, -0.72499614524689182, 0.0, 1.5777037201204127], [0.72499614524689182, 0.68875292331658944, 0.0, 3.5044605431975757], [0.0, 0.0, 1.0, 0.71187379151204311], [0.0, 0.0, 0.0, 1.0]] }, 9.9999999999999995E-07], "Outputs" : [true], "Name" : "" }, { "_t" : "BH.oM.Test.UnitTests.TestData", "BHoM_Guid" : "9199672d-cf5b-47a4-bfeb-b7baa3e337bc", "Inputs" : [{ "_t" : "BH.oM.Geometry.TransformMatrix", "Matrix" : [[0.99715318550471899, -0.075402417983719813, 0.0, 7.6069237146404829], [0.075402417983719813, 0.99715318550471899, 0.0, 4.5139241584197203], [0.0, 0.0, 1.0, 0.014092135249679972], [0.0, 0.0, 0.0, 1.0]] }, 9.9999999999999995E-07], "Outputs" : [true], "Name" : "" }, { "_t" : "BH.oM.Test.UnitTests.TestData", "BHoM_Guid" : "127f1a49-4906-46f0-aa71-e1866bdbb525", "Inputs" : [{ "_t" : "BH.oM.Geometry.TransformMatrix", "Matrix" : [[0.67477782241945539, -0.73802092813880138, 0.0, 4.4674996066927397], [0.73802092813880138, 0.67477782241945539, 0.0, 5.3744408220204605], [0.0, 0.0, 1.0, 1.8464630794927772], [0.0, 0.0, 0.0, 1.0]] }, 9.9999999999999995E-07], "Outputs" : [true], "Name" : "" }, { "_t" : "BH.oM.Test.UnitTests.TestData", "BHoM_Guid" : "02214762-dd47-429c-a987-46c47c2bae20", "Inputs" : [{ "_t" : "BH.oM.Geometry.TransformMatrix", "Matrix" : [[0.71808673281936952, -0.69595362212492529, 0.0, 0.96177933312320851], [0.69595362212492529, 0.71808673281936952, 0.0, 12.968717890886866], [0.0, 0.0, 1.0, 1.6610783793316588], [0.0, 0.0, 0.0, 1.0]] }, 9.9999999999999995E-07], "Outputs" : [true], "Name" : "" }, { "_t" : "BH.oM.Test.UnitTests.TestData", "BHoM_Guid" : "624d5769-3d18-4fe0-843f-116b2b7d14c8", "Inputs" : [{ "_t" : "BH.oM.Geometry.TransformMatrix", "Matrix" : [[0.94278536090120157, -0.33340030484447852, 0.0, 9.0403710132967792], [0.33340030484447852, 0.94278536090120157, 0.0, 1.9004975815408662], [0.0, 0.0, 1.0, 0.83761226890497475], [0.0, 0.0, 0.0, 1.0]] }, 9.9999999999999995E-07], "Outputs" : [true], "Name" : "" }, { "_t" : "BH.oM.Test.UnitTests.TestData", "BHoM_Guid" : "912b2c23-2fb9-4c59-9d1b-d5ef8e93daa2", "Inputs" : [{ "_t" : "BH.oM.Geometry.TransformMatrix", "Matrix" : [[0.70025110267725033, -0.71389662640980101, 0.0, 9.3094235269676169], [0.71389662640980101, 0.70025110267725033, 0.0, 1.3468073611702662], [0.0, 0.0, 1.0, 1.1337647825171075], [0.0, 0.0, 0.0, 1.0]] }, 9.9999999999999995E-07], "Outputs" : [true], "Name" : "" }, { "_t" : "BH.oM.Test.UnitTests.TestData", "BHoM_Guid" : "29f97158-f7c8-4cf0-8fd1-6a418fbe0029", "Inputs" : [{ "_t" : "BH.oM.Geometry.TransformMatrix", "Matrix" : [[0.9864170398140848, -0.16426023123208552, 0.0, 7.6721793640050295], [0.16426023123208552, 0.9864170398140848, 0.0, 8.4530621303613298], [0.0, 0.0, 1.0, 0.80870662108469127], [0.0, 0.0, 0.0, 1.0]] }, 9.9999999999999995E-07], "Outputs" : [true], "Name" : "" }, { "_t" : "BH.oM.Test.UnitTests.TestData", "BHoM_Guid" : "db012e01-b168-498a-9c93-49929b3fadfb", "Inputs" : [{ "_t" : "BH.oM.Geometry.TransformMatrix", "Matrix" : [[0.83391979568439545, -0.55188565334287876, 0.0, 7.7424149695825157], [0.55188565334287876, 0.83391979568439545, 0.0, -3.0024447811798112], [0.0, 0.0, 1.0, 0.18101905574138233], [0.0, 0.0, 0.0, 1.0]] }, 9.9999999999999995E-07], "Outputs" : [true], "Name" : "" }, { "_t" : "BH.oM.Test.UnitTests.TestData", "BHoM_Guid" : "79cb0b41-6bf6-478c-98d5-796ef2bcfd17", "Inputs" : [{ "_t" : "BH.oM.Geometry.TransformMatrix", "Matrix" : [[0.81758732975137782, -0.57580461810410288, 0.0, 9.3627962314563202], [0.57580461810410288, 0.81758732975137782, 0.0, 1.0227338067881799], [0.0, 0.0, 1.0, 0.26593331818745158], [0.0, 0.0, 0.0, 1.0]] }, 9.9999999999999995E-07], "Outputs" : [true], "Name" : "" }, { "_t" : "BH.oM.Test.UnitTests.TestData", "BHoM_Guid" : "a10648fb-6132-472a-b42e-4eef56e37056", "Inputs" : [{ "_t" : "BH.oM.Geometry.TransformMatrix", "Matrix" : [[0.99878021040806775, -0.049377032081890274, 0.0, 8.7642950403033506], [0.049377032081890274, 0.99878021040806775, 0.0, 5.3499031149536478], [0.0, 0.0, 1.0, 1.5807895462870549], [0.0, 0.0, 0.0, 1.0]] }, 9.9999999999999995E-07], "Outputs" : [true], "Name" : "" }, { "_t" : "BH.oM.Test.UnitTests.TestData", "BHoM_Guid" : "82d40396-500d-4f86-958d-9f54bc40871c", "Inputs" : [{ "_t" : "BH.oM.Geometry.TransformMatrix", "Matrix" : [[0.95374109516643479, -0.3006292124706606, 0.0, 4.9311825464387056], [0.3006292124706606, 0.95374109516643479, 0.0, 7.59292971037915], [0.0, 0.0, 1.0, 1.6159648185670212], [0.0, 0.0, 0.0, 1.0]] }, 9.9999999999999995E-07], "Outputs" : [true], "Name" : "" }, { "_t" : "BH.oM.Test.UnitTests.TestData", "BHoM_Guid" : "219d50e2-4803-4122-b555-9510ec689f68", "Inputs" : [{ "_t" : "BH.oM.Geometry.TransformMatrix", "Matrix" : [[0.61627256762955729, -0.78753293416038972, 0.0, -2.0637176936995809], [0.78753293416038972, 0.61627256762955729, 0.0, 4.7030339873242202], [0.0, 0.0, 1.0, 0.86647701490040729], [0.0, 0.0, 0.0, 1.0]] }, 9.9999999999999995E-07], "Outputs" : [true], "Name" : "" }, { "_t" : "BH.oM.Test.UnitTests.TestData", "BHoM_Guid" : "d822ff9d-76a8-4d18-becd-89a35deda3c8", "Inputs" : [{ "_t" : "BH.oM.Geometry.TransformMatrix", "Matrix" : [[0.97885735288979481, -0.20454408496356913, 0.0, 4.4057276421408611], [0.20454408496356913, 0.97885735288979481, 0.0, 4.7036269865953324], [0.0, 0.0, 1.0, 0.98204577759934863], [0.0, 0.0, 0.0, 1.0]] }, 9.9999999999999995E-07], "Outputs" :